28 6 3 0 2 1 3
0 0 1 9 0 2 7 1 0 29 29 29 29 2 0 2 0 9 32 53 5 9 9 0 21 9 21 0 21 36 21 29 29 36 0 29 29 0 1 32 53 5 5 9 9 0 1 1 2 0 1 2 0 0 0 3 1 1 1 2 0 1 0 2 1 5 16 2 0 2 1 7 7 7 7 7 1 1 5 0 36 0 36 0 2 48 14 2 30 30 3 1 0 2 19 19 19 39 1 1 1 0 9 5 1 5 30 30 2 0 2 5 30 0 5 5 30 0 5 30 0 5 30 1 1 2 0 2 0 2 0 5 0 30 0 30 0 5 2 0 1 0 1 8 0 2 18 14 12 4 15 12 9 3 5 30 30 0 30 30 0 8 0 8 12 4 4 15 0 1 3 0 2 1 1 3 2 0 0 0 1 9 1 2 0 1 1 16 8 8 16 8 9 5 8 2 1 2 0 1 5 8 1 9 8 2 3 0 5 8 5 12 4 4 0 2 0 1 2 1 1 1 3 1
85 3 1 62 0 0 0 0 1 7 1 1 0 6 1 12 12 0 1 100 1 38 53 15 1 2 0 1 0 1 8 1 2 1 1 6 6 6 1 0 28 1 1 0 4 10 15 8 5 5 1 1 8 4 4 1 4 6 12 3 4 1 14 1 14 4 1 0 4 1 1 15 25 14 14 14 14 0 6 0 45 9 17 0 0 1 1 14 14 1 70 70 0 70 70 0 25 25 1 14 1 12 12 4 1 4 1 4 15 1 70 10 0 10 9 0 1 0 0 1 1 1 4 15 1 4 4 1 7 1 53 0 1 4 4 4 15 1 10 12 4 4 1 10 1 4 15 74 10 1 0 85
1 0 1 0 2 0 4 1 0 4 15 1
0 4 3 1 8 0 19 24 3 79
2 1 4 4 3 2 4 4 4 4 4 4 4 12 13 1 12 4 4 4 12 4 4 4 3 4 4 2 4 4 3 2 2 3
42 72 0 8 0 1 0 1 0 2 4 0 4 2 4 15 5 5 4 11 0 4 0 12 1 43 43 0 1 43 1 0 7 43 0 1 43 0 43 0 43 5 5 43 43 43 43 4 7 43 43 4 43 43 43 0 43 43 4 11 2 82 0 63 36 22 3 0 0 0 4 4 1 22 22 1 1 1 4 4 1 4 0 1 4 2 0 1 0 36 0 10 4 1 4 1 4 22 4 60 4 1 0 0 1 1 4 4 1 4 8 4 11 51
42 38 0 4 3 3 5 10 10 1 5 10 22 10
0 2 8 3 1 0 21 2 4 0 7 21 0 4 0 4 1 0 4 4 1 0 2 4 4 4 1 0 4 1 0 4 4 4 0 1 1 18 4 4 4 1 0 4 4 1 0 4 4 1 1 0 0 4 1 2 4 4 4 4 1 0 4 4 1 0 1 0 4 4 1 18 18 4 4 17 4 4 4 4 4 1 0 4 0 1 4 1 0 4 4 1 0 4 4 1 0 21 21 0 21 4 21 4 4 21 4 4 4 2 8 3 4 4 4 4 4 4 4 2 4 3 21 4 4 21 1 0 11 1 9 0 2 1 0 3 0 2 1 3 0 7 1 58 3
12 25 15 1 12 10 12 4 15 10 12 2 10 3 2 10 2 3 1 0 0 1 32 0 1 5 1 5 5 5 1 5 5 5 1 5 1 1 5 77 77 77 5 47 47 12 12 0 2 0 71 0 6 6 65 15 0 7 7 12 15 1 6 25 6 1 10 25 0 65 31 0 2 25 6 0 15 0 0 7 7
2 0 28 28 0 1 3 2 0 80 2 1 80 3 1 0 2 9 1 0 4 0 4 0 4 0 4 2 4 1 4 1 4 1 4 1 3 0 4 2 4 3 1 0 4 2 4 3 1 0 4 2 4 3 1 0 4 2 4 3 1 0 4 2 4 3 1 0 0 4 2 4 3 1 0 4 1 2 4 3 1 18 10 0 2 24 3 72 1
6 2 2 54 5 5 1 5 5 5 6 4 0 7 1 6 0 47 1 5 5 6 4 11 20
0 2 54 0 22 0 22 2 2 0 22 22 0 2 0 23 2 22 12 22 0 4 11 1 73 11 1 12 2 0 24 1 0 1 12 12 15 12 2 2 0 3 2 0 1 0 0 2 3 2 5 16 5 1 5 22 5 1 5 1 0 16 20 50 16 5 16 5 5 22 5 5 22 22 5 0 5 16 5 5 5 5 22 5 22 0 5 16 5 5 2 0 2 22 2 0 2 18 5 5 5 5 5 20 1 0 73 12 4 11 0 1 2 0 1 5 5 16 1 5 16 1 0 22 5 5 0 22 2 0 1 0 54 1 0 13 2 0 20 1 29 0 4 11 1 9 2 0 5 5 5 16
0 0 2 1 8 1 1 4 3 0 2 1 3 15 4
0 14 0 11 14 1 1 0 11 1 1 0 1 0 3 2 1 9 3 2 10 10 1 9 1 10 2 18 3 2 4 4 4 4 4 0 1 1 4 4 0 18 4 4 1 0 4 1 0 4 1 2 4 4 1 2 4 3 1 4 1 4 9 24 4 9 4 18 4 4 4 4 18 1 0 4 1 0 4 1 0 4 1 0 4 1 4 3 11 1 0 1 3 3 2 1 9 0 1 0 0 0 0 9 1 0 0 1 14 46 2 1 0 80 14 46 1 3 9 0 9 9 0 1 0 0 3 44 4 44 4 44 4 4 44 44 4 4 4 4 2 4 4 3 1 4 4 1 0 1 2 22 0 22 3 0 2 1 1 3 0 2 4 15 4 1 4 2 4 4 1 0 4 14 4 1 0 0 4 1 0 4 1 0 4 4 1 0 4 1 0 4 2 4 1 4 1 4 1 4 1 0 4 1 4 4 1 4 0 4 4 4 4 3 1 10 10 9 2 2 8 3 4 3 14 11 1 0 4 10 4 4 4 2 8 3 2 4 9 4 1 9 4 14 11 1
1 0 2 1 0 1 9 0 33 0 33 0 1 17 0 2 1 0 1 0 1 0 1 0 1 0 1 0 1 0 1 0 1 3 0 1 9 0 1 85 85 0 2 1 3 0 0 1 28 1 0 1 0 1 0 1 0 1 0 1 0 1 0 2 9 9 9 0 1 9 1 1 1 0 1 0 1 0 1 0 1 0 1 1 0 1 0 0 1 0 0 119 68 0 2 1 0 0 17 0 9 0 0 0 0 1 17 1 1 0 1 0 1 1 0 0 0 0 0 1 1 0 0 0 0 0 0 0 0 1 17 0 0 0 0 0 0 1 0 1 0 1 0 1 3 1 2 17 3 9 0 1 20 10 1 0 1 1 0 0 18 1 0 1 0 1 9 7 0 1 103 1 48 8 12 4 49 1 20 20 22 0 21 1 9 0 1 4 4 1 0 52 0 52 0 52 4 4 4 1 0 4 26 4 1 0 0 0 4 1 0 4 4 4 1 0 4 4 4 1 4 4 1 4 4 1 0 4 4 4 1 0 1 0 26 4 1 0 26 4 26 4 1 0 52 26 4 1 18 52 4 4 1 0 4 0 4 26 1 0 0 26 4 1 0 26 4 1 0 52 26 26 1 52 0 26 0 4 1 0 1 26 1 0 4 4 1 0 52 26 52 1 0 52 26 26 0 4 1 54 0 1 0 1 0 1 0 1 0 0 1 1 12 0 21 4 4 4 1 0 4 4 4 1 0 26 4 4 1 4 26 26 26 4 4 1 0 4 1 1 1 0 0 4 4 1 4 1 4 4 1 0 4 4 1 20 1 1 0 0 52 26 4 1 0 52 1 26 0 0 26 4 4 4 11 11 1 52 1 26 26 1 0 52 4 1 1 0 0 1 0 52 0 24 112 1 13 0 4 1 0 52 4 12 4 15 1 1 0 52 26 26 1 54 112 20 1 0 1 9 28 9 1 0 20 1 0 0 10 20 79 79 20 79 9 0 79 0 1 9 9 17 0 1 12 4 15 0 8 4 12 4 15 10 4 12 64 4 64 1 0 18 64 0 21 26 26 26 4 1 0 4 11 1 0 1 26 26 26 64 0 21 12 26 26 26 15 64 12 21 4 15 1 0 4 4 4 1 4 0 4 1 0 1 13 21 1 26 26 26 26 26 26 26 26 26 7 64 4 26 4 4 15 1 10 10 1 51
0 2 1 1 0 1 0 1 2 4 1 4 4 11 4 4 11 4 4 4 4 11 4 11 1 1 4 4 4 18 4 0 2 69 3 4 4 4 1 4 4 1 4 8 4 4 4 4 4 3 0 16 0 4 1 1 0 2 8 0 5 5 1 1 0 5 117 5 1 1 8 0 6 2 1 2 1
17 0 1 2 0 0 0 0 3 1 0 2 1 3 0 1 0 1 2 1 0 1 0 0 2 1 0 1 2 1 3 0 1 3 1 3 9 0 12 20 20 7 15 1 11 0 2 1 0 9 1 2 7 1 9 0 7 46 0 1 3 1 9 2 0 1 0 2 7 3 1 0 2 7 3 1 0 7 1 0 6 0 7 1 6 6 7 1 6 6 6 6 1 0 0 1 0 1 6 7 1 40 7 1 40 40 40 0 7 7 1 36 40 40 40 40 40 30 40 40 40 40 40 1 12 4 15 0 11 33 0 1 1 1 0 41 1 1 0 0 1 0 0 4 4 4 15 4 0 7 1 12 4 4 1 18 4 4 1 12 4 0 4 0 4 1 4 1 18 4 4 0 4 18 1 0 1 0 0 4 1 4 21 1 0 11 33 2 3 12 0 1 2 0 3 9 1 0 2 0 3 16 16 16 16 1 5 5 5 5 7 7 1 0 0 2 8 2 3 0 0 16 16 16 16 1 5 0 5 1 0 1 0 5 1 0 2 0 2 0 1 12 4 15 1 1 3 2 1 3 0 1 11 0 2 8 3 1 12 4 3 11 0 5 5 5 43 13 5 5 16 5 5 7 1 0 2 8 3 11 2 0 2 0 1 3 2 1 2 0 3 3 1 0 12 4 1 0 4 0 1 4 15 0 1 11 2 0 3 1 9 0 5 5 5 7 1 2 0 1 3 0 2 7 3 1 12 0 1 0 8 2 8 3 0 12 4 15 0 5 5 5 1 3 2 1 3 0 2 8 11 9 11 9 20 0 12 7 15 58 1 11 0 2 0 67 0 0 67 1 11 0 1 11 0 2 7 3 1 0 5 5 5 11 2 0 1 0 1 3 3 1 0 1 0 3 0 2 1 3 11 0 32 32 32 32 32 32 1 2 0 3 1 9 2 0 3 5 1 1 1 0 5 1 0 17 32 32 32 32 32 32 32 32 1 0 0 0 1 1 0 9 1 1 0 2 1 3 9 0 32 32 32 32 32 32 32 1 2 0 3 1 0 46 1 0 0 1 1 0 0 1 1 0 1 0 1 0 1 0 1 0 1 1 0 1 9 0 9 9 9 0 2 1 0 3 1 0 1 1 0 11 5 43 1 0 0 0 38 2 3 2 0 3 29 9 29 29 0 1 90 80 0 36 29 29 36 36 1 0 0 1 0 1 0 36 0 0 36 16 1 0 1 0 1 12 4 11 15 0 2 36 36 0 1 36 36 1 36 0 2 7 0 2 7 3 1 0 1 1 1 9 0 1 0 1 2 1 3 9 0 1 0 93 1 30 29 0 29 29 29 1 36 1 36 2 0 1 1 3 2 7 1 2 0 3 7 7 19 1 36 1 0 1 0 30 30 0 36 30 46 1 0 0 1 1 1 0 36 0 36 67 0 36 0 36 0 36 0 1 0 0 1 0 0 1 11 0 33 0 1 2 1 3 0 0 0 3 0 2 1 0 1 46 1 3 0 9 1 0 2 8 3 0 1 29 1 0 1 0 1 0 67 0 67 2 0 9 1 7 1 0 7 0 1 1 0 67 11 0 1 2 8 3 2 0 1 2 3 0 0 2 7 1 2 20 3 0 2 12 7 15 1 0 2 1 1 3 2 0 36 3 0 12 4 0 7 1 4 1 0 18 4 1 0 4 4 0 9 0 12 4 15 4 1 0 4 1 0 4 0 1 9 0 4 1 0 4 4 1 0 1 0 4 1 0 18 12 4 1 4 1 4 1 0 4 1 1 0 4 0 4 1 0 4 0 4 4 1 0 4 15 12 4 4 1 4 1 4 1 0 4 1 2 20 3 0 12 4 4 21 4 4 12 15 21 8 3 4 12 15 11 0 58 1 2 20 3 2 0 0 1 1 2 3 2 0 3 58 1 20 0 36 2 0 1 3 0 1 2 0 1 0 0 1 2 2 38 5 5 0 1 0 1 1 2 3 0 1
0 12 4 2 4 3 83 2 15 2 1 10 10 1 2 8 8 12 4 4 1 14 11 2 0 1 0 1 0 11 1 2 0 1 9 1 0 11 1 0 11 1 9 1 0 1 0 1 0 1 0 1 0 1 3 0 2 1 1 1 1 1 1 1 3 0 11 2 1 9 1 0 0 1 3 0 1 2 4 4 1 4 1 4 1 3 4 4 1 3 0 8 4 11 1 0 0 1 0 0 0 1 1 0 1 0 1 2 0 2 90 90 63 1 0 2 1 3 0 1 3 2 4 1 3 4 3 1 1 2 4 4 4 18 4 4 1 0 4 1 0 4 1 0 4 1 0 2 4 0 1 4 4 1 0 4 4 1 0 4 1 0 4 2 4 1 0 9 4 4 4 4 1 4 1 4 1 4 1 4 1 18 4 4 4 1 4 1 4 1 3 10 10 2 10 10 9 3 8 3 2 4 4 4 4 1 4 8 4 4 3 4 4 0 0 14 12 46 2 1 1 3 2 8 9 3 9 4 0 1 9 9 15 0 1 0 2 2 3 2 0 3 0 0 1 0 1 1 0 0 1 1 0 0 1 1 0 3 1 10 3 2 4 4 4 1 4 3 1 11 14 1 4 9 2 1 3 3 4 1
0 12 24 0 22 11 11 2 1 1 0 1 0 11 15 2 1 3 0 1 0 1 1 1 0 0 1 9 2 1 1 3 0 1 0 1 0 1 1 0 0 0 2 8 0 1 2 9 4 9 4 1 3 9 1 2 4 1 4 1 0 2 24 4 1 4 4 4 4 1 4 3 0 4 1 1 0 4 4 1 0 4 1 0 4 1 0 4 1 1 0 4 1 0 4 1 0 4 1 0 4 1 0 9 0 4 4 1 0 4 4 1 0 4 4 1 18 4 4 1 2 4 4 1 4 4 1 4 1 9 4 4 1 4 4 1 1 4 1 4 1 9 1 1 4 1 9 4 1 4 4 1 4 3 0 1 2 4 1 1 4 4 4 1 2 4 4 1 4 1 4 1 4 3 11 14 1 2 2 0 24 7 3 1 2 0 3 0 2 1 0 22 4 2 9 22 3 74 0 1 0 12 17 1 0 3 3 2 1 3 2 4 4 0 4 21 4 4 4 4 9 4 4 3 2 4 3 14 0 11 1 0 1 0 0 0 0 1 2 14 3 13 1 13 0 2 14 1 2 1 3 0 2 1 3 2 3 2 4 4 1 4 1 2 4 1 0 4 1 4 0 4 4 1 4 4 4 9 9 4 2 4 3 3 2 4 11 0 1 0 1 1 0 0 44 4 44 4 44 44 4 4 4 1 1 2 3 0 1 2 1 3 0 1 3 0 46 46 2 1 3 0 4 4 0 28 1 13 4 4 9 4 13 1 0 2 4 4 1 9 13 0 0 18 3 2 4 18 1 3 4 11 1 2 0 1 0 0 1 1 3 0 1 2 3 15 2 0 3 2 0 0 22 0 22 3 9 0 7 7 1 6 6 1 1
0 46 1 3 2 1 3 9 0 1 0 7 1 12 4 4 1 4 15 1 11 33 0 46 1 0 0 7 1 58 3 1
0 1 0 1 0 1 0 2 1 1 0 2 1 1 2 1 3 12 0 0 1 2 0 4 4 1 4 4 4 1 0 4 0 4 1 4 0 1 2 1 0 4 0 1 0 2 0 4 1 4 15 4 15 1 2 3 0 4 0 4 4 1 3 0 4 4 2 5 1 0 1 8 0 0 1 2 3 0 0 1 8 15 0 1 12 0 4 1 15 1 0 1
0 0 1 28 2 2 1 1 3 3 0 0 0 2 2 1 1 3 3 0 2 2 1 1 3 0 0 1 0 0 1 1 12 52 0 12 4 15 4 4 0 4 1 1 0 4 1 0 0 4 1 0 12 4 15 1 0 2 1 4 0 1 4 1 0 12 4 4 15 1 1 0 0 1 1 12 52 0 4 15 4 4 1 12 4 15 1 0 12 0 4 0 4 15 1 0 1 1 12 52 4 4 1 0 4 1 1 12 0 4 0 4 1 4 1 0 4 15 1 12 4 0 4 4 12 52 1 4 15 4 0 1 1 1 12 52 15 4 4 1 12 4 4 15 1 0 52 4 4 4 12 52 4 1 4 1
47 6 32 32 93 1 2 3 2 0 0 4 4 3 4 2 1 15 82 2 1 1 2 4 3 11 3 0 2 3 2 7 2 4 4 4 0 4 4 11 11 15 15
2 4 0 4 9 18 4 9 0 1 1 2 4 0 12 4 0 4 1 0 4 1 0 1 4 1 4 1 4 1 0 4 1 0 1 4 1 4 1 0 10 4 4 1 4 4 13 4 4 1 4 1 0 4 1 0 4 1 0 4 1 0 18 4 1 9 1 4 1 11 1 0 1 2 24 0 1 7 7 1 7 1 2 0 1 3 0 2 22 7 1 3 2 0 1 0 22 3 0 0 0 11 0 11 11 3 2 8 3 2 9 3 4 4 1 2 4 4 4 3 4 4 2 4 3 18 1 2 4 3 14 11 1 0 3 2 1 3 0 0 0 1 2 8 0 1 0 8 3 4 3 0 2 4 3 4 1 0 4 1 0 1 0 4 1 1 0 4 0 4 1 0 4 1 2 4 9 4 1 4 1 4 1 3 0 0 0 1 8 0 0 1 1 2 1 8 0 0 1 0 0 0 1 14 8 2 1 14 46 46 0 46 46 1 0 1 0 2 24 14 18 24 4 4 18 24 4 3 4 1 0 2 4 3 18 8 2 4 4 1 0 1 1 2 4 4 4 1 0 1 0 18 4 4 1 18 0 1 0 0 18 18 4 1 1 4 0 4 1 0 4 1 18 24 4 4 1 2 4 3 4 109 4 4 1 0 4 4 24 1 4 4 1 9 9 9 0 4 24 4 4 24 4 1 0 9 4 1 0 24 4 1 0 4 1 1 0 4 0 0 1 4 4 1 3 66 66 4 8 3 2 4 3 14 11 1 0 0 2 4 0 0 44 4 4 4 9 44 44 4 44 4 4 1 10 44 4 44 4 1 4 10 1 44 4 0 1 4 4 2 1 3 0 1 0 2 1 3 4 9 2 4 4 4 9 4 4 4 1 10 2 10 2 8 18 3 4 4 1 4 14 0 11 1 0 18 1 0 2 2 0 11 1 0 11 1 0 11 1 0 11 1 0 11 9 1 9 1 0 1 3 0 11 1 1 0 0 11 1 0 11 1 0 11 2 1 3 0 11 1 0 11 1 0 11 1 0 11 2 1 0 11 1 9 9 0 3 11 1 0 11 1 0 11 1 0 11 1 0 11 1 0 11 1 11 1 1 0 11 1 11 1 11 1 3 0 2 1 9 1 3 0 11 1 2 1 3 1 2 0 0 9 4 0 1 0 1 9 9 44 4 44 44 4 44 4 4 44 4 44 4 4 2 1 12 4 15 9 4 4 21 4 9 10 8 2 3 4 4 4 4 4 2 4 21 4 1 0 2 1 3 0 9 0 1
2 2 0 3 3 1 2 2 0 3 0 2 22 3 3 1 2 10 10 3 0 1 2 0 3 3 1 2 0 2 1 1 1 0 0 1 2 2 0 0 3 3 13 36 1 12 17 17 13 13 13 20 13 13
0 1 9 9 1 0 1 0 0 2 8 0 8 3 1 2 11 4 3 14 1 0 2 2 1 0 9 1 1 0 1 0 1 1 9 0 0 1 1 1 3 0 1 0 8 12 4 4 24 14 1 15 0 1 0 18 1 0 91 12 1 1 12 4 15 4 1 18 4 1 4 1 4 0 4 14 8 3 2 4 14 11 2 0 11 9 1 9 0 0 1 0 0 22 74 1 0 1 2 1 2 1 2 4 1 0 4 1 9 0 2 4 1 4 1 4 1 0 1 0 4 1 9 2 4 4 3 0 1 0 4 1 4 1 0 4 1 0 4 1 0 4 1 0 4 1 9 9 0 4 1 0 2 4 4 1 0 4 1 0 4 2 4 9 4 1 0 4 1 0 4 1 0 4 1 0 4 1 0 4 1 0 4 1 0 4 1 0 4 1 0 4 4 1 4 10 4 1 4 3 0 4 0 1 1 2 4 3 4 1 9 4 4 1 0 4 1 1 0 4 0 4 1 12 4 4 1 0 0 1 4 1 0 4 1 0 4 1 0 4 1 0 0 4 1 0 4 1 0 4 1 2 4 1 0 4 1 0 0 1 3 14 0 0 4 2 4 1 4 0 4 4 3 14 11 1 2 0 1 1 1 1 0 0 0 0 0 1 1 1 14 46 2 1 3 0 14 46 3 1 0 1 4 12 7 1 12 4 4 1 1 0 9 1 2 24 4 18 3 4 4 1 2 4 4 1 9 1 0 4 1 18 4 4 1 0 4 1 18 0 4 4 1 0 24 14 18 24 14 18 3 1 2 4 3 11 1 0 8 2 1 3 9 0 2 93 3 8 0 8 2 2 3 1 0 4 3 21 2 0 44 1 4 1 4 4 73 1 4 4 4 0 2 1 3 4 4 9 9 9 9 4 4 1 4 4 1 4 9 10 9 9 2 8 4 3 4 0 4 4 3 1 2 4 3 14 0 11 1
42 2 0 12 4 15 4 2 0 1 2 1 3 12 3 4 2 2 0 1 0 0 0 0 3 2 0 5 1 0 2 7 1 0 1 3 2 0 1 2 0 1 38 1 57 2 1 2 2 1 3 1 0 2 4 0 4 0 5 4 0 4 4 3 21 0 0 7 2 1 3 0 38 59 0 12 4 15 0 5 10 4 12 4 15 1 59 59 3 5 5 0 5 0 2 4 4 3 0 2 0 0 1 12 4 15 66 0 8 1 2 4 3 4 0 5 5 8 0 0 1 1 1 12 2 0 2 111 6 39 15 15 2 20 0 0 1 3 9 0 21 0 0 77 0 4 4 5 1 5 1 4 2 0 0 48 14 1 16 16 0 5 5 0 8 13 4 0 1 4 0 2 0 2 0 19 0 19 19 1 10 1 2 0 7 6 7 1 6 39 7 6 39 3 2 0 3 2 0 2 0 39 2 0 1 4 2 1 3 2 20 1 0 0 16 16 5 5 0 1 1 0 12 2 0 1 9 51 0 9 1 12 13 4 2 0 0 0 3 0 1 29 4 2 20 0 1 1 1 0 1 35 17 23 23 5 17 9 7 5 0 1 0 6 1 2 19 0 19 19 1 6 17 6 1 23 7 6 1 15 1 2 2 4 1 1 1 3 2 1 3 3 2 1 1 1 0 1 5 8 1 2 0 2 1 2 3 12 3 0 91 4 1 0 14 7 7 3 7 6 7 0 6 39 1 0 1 1 1 1 1 3 4 9 8 0 0 2 4 3 4 2 1 12 0 8 2 4 3 0 4 1 1 2 3 0 1 2 4 3 2 1 0 2 0 0 3 1 4 1 15
1 0 2 1 0 4 1 0 1 0 4 1 0 0 4 1 0 4 1 0 8 8 1 0 2 4 22 3 0 4 1 3 3 0 0 2 1 1 1 0 1 0 55 4 0 1 4 4 4 1 4 0 4 4 0 4 0 86 4 8 8 55 4 4 4 13 4 9 9 4 13 4 21 4 4 4 8 13 4 13 15 4 4 13 13 1 8 13 4 13 0 4 1 4 4 1 2 0 1 2 1 3 15
0 4 1 3 0 46 8 0 46 8 0 2 69 0 0 0 0 5 2 0 16 16 0 5 16 8 0 1 12 0 1 5 1 0 10 5 0 2 0 2 69 3 31 4 8 11 6 7 58 2 0 1 1 6 6 1 6 4 4 1 11 6
87 0 62 15 2 54 0 1 10 2 0 0 0 1 0 1 1 62 0 34 95 34 95 1 1 10 2 0 0 3 1 1 0
12 4 7 4 4 4 4 4 4 4 4 4 4 15
0 12 4 0 4 15 1 2 0 3 50 2 0 5 1 2 0 1 8 2 10 0 1 1 0 12 4 15 48 1 5 0 5 5 5 4 1 4 0 1 43 43 0 1 0 1 0 1 4 0 1 66 0 1 66 0 1 0 12 4 15 0 1 28 9 2 1 3 2 10 10 10 10 2 10 20 3 0 1 10 1 8 2 1 1 12 24 18 24 18 0 18 24 8 2 0 3 6 6 6 1 1 3 1 0 0 2 2 1 1 1 0 1 2 1 1 1 0 0 2 1 3 1 2 1 0 1 0 6 6 6 6 6 6 1 12 4 15 0 4 2 0 10 1 1 0 1 3 0 1
0 1 15
2 0 38 0 2 1 1 57 1 1 1 2 0 0 3 0 2 1 1 0 2 0 5 6 5 5 16 8 5 57 5 1 6 1 16 6 16 7 5 5 5 7 2 0 0 0 2 7 5 16 1 5 1 2 38 0 2 5 2 1 2 54 5 1 57 1 3 2 4 11 57 3 2 10 57 0 37 37 37 37 26 37 37 37 37 2 0 30 2 2 1 37 37
28 6 1 3 2 0 3 1 2 6
2 38 0 1 38 0 3 0 3 1 9 2 3 2 0 9 1 2 3 2 0 1 2 0 10 43 1 1 1 0 0 3 1 1 2 2 2 3 2 3 0 2 0 0 2 10 1 3 2 1 1 1 3 3 0 1 2 10 1 4 15 1 12 4 15 1 0 10 8 2 0 0 12 4 4 15 1 0 15 1 1 0 1 2 0 1 9 8 2 0 12 12 2 4 3 2 38 3 0 0 16 0 16 16 16 16 16 1 12 4 15 0 16 16 16 16 16 8 16 4 15 0 0 16 16 16 16 1 12 12 4 4 15 0 0 8 0 0 16 16 16 16 16 16 16 16 16 16 1 12 4 3 4 1
10 1 10 4 4 4 1 4 4 3 1 4 1 4 4 4 1 4 1 4 1 4 1 4 3 1 3 11 4
14 14 14 14 2 3 2 0 1 2 3 4 48 48 15 7 7 7 2 1 4 4 4 12 4 4 4 15 11 7 4
0 0 1 0 1 15 6 1
12 0 1 2 0 1 1 0 0 1 1 1 3 0 1 3 4 4 8 4 0 21 4 4 8 12 21 1 1 0 4 21 12 15 21 1 15
2 0 0 3 10 0 1 0 1 0 2 1 3 2 4 3 11 0 1 1 2 0 3 1 0 13 13 1 9 0 1 0 71 0 13 13 1 2 0 3 0 5 1 1 2 1 3 0 32 32 1 0 13 13 1 0 2 1 3 2 0 3 0 2 5 0 1 0 22 2 1 3 0 1 32 32 1 15 0 0 1 0 1 0 1 1 0 84 3 2 1 3 0 1
42 72 1 0 1 1 17 3 4 4 2 0 0 3 2 0 0 3 2 0 0 4 2 0 3 4 4 4 4 4 2 0 4 2 0 1 12 2 2 0 0 4 5 16 5 16 16 16 16 16 5 5 5 4 4 5 5 5 5 5 5 5 37 37 5 5 5 4 0 1 0 2 7 1 0 0 0 23 4 0 9 4 0 1 4 5 5 5 4 1 43 43 12 12 43 1 43 8 43 43 0 1 0 0 1 1 0 1 6 17 0 0 8 4 11 6 43 43 0 1 0 2 2 6 7 6 7 2 0 3 2 1 1 3 6 0 2 36 0 36 0 36 1 6 6 4 4 0 1 1 22 4 6 17 1 0 1 3 6 4 24 58 4 1 0 0 1 4 6 4 2 2 0 2 2 0 3 0 5 9 5 5 5 5 4 4 6 17 4 17 51
2 1 0 0 1 0 0 7 1 2 0 2 7 3 3 32 2 1 43 2 1 32 46 8 32
2 10 10 10 1 0 1 2 10 1 23 12 12 12 0 2 7 3 1 4 0 7 24 1 23 12 0 0 2 1 2 0 0 2 1 2 0 2 8 0 36 0 7 1 0 36 0 36 0 0 7 1 1 0 7 0 6 1 8 0 7 0 9 1 0 0 7 36 4 6 0 7 1 4 0 6 0 6 1 6 0 6 1 2 10 0 0 7 7 7 7 0 0 7 1 0 6 7 7 7 7 7 6 6 4 1 4 1 4 4 1 4 1 15 6 0 7 1 4 4 4 4 4 1 4 1 3 3 4 4 4 4 4 4 15 23 23 3 3
1 1 0 0 2 1 1 2 18 1 2 0 18 1 0 1 23 0 0 4 1 0 1 0 1 0 22 0 1 0 2 1 3 2 0 0 1 3 2 0 3 1 1 3 0 3 2 1 0 2 12 24 3 3 14 2 7 1 0 2 24 3 14 7 14 2 7 24 3 2 1 7 1 24 3 3 14 2 7 1 0 24 15 0 3 20 2 1 3 0 1 22 0 12 1 2 0 7 20 24 24 0 4 4 21 7 4 4 21 12 4 15 7 0 4 4 4 1 1 0 2 14 1 2 1 23 12 15 8 2 0 1 0 3 53 1 4
42 1 1 0 2 1 3 23 1 2 0 3 1 3 0 3 1 0 10 2 1 1 3 1 1 23 2 0 3 1 1 3 2 1 3 2 0 1 23 2 1 3 6 6 0 92 18 2 3 1 0 2 1 3 1 23 2 0 3 1 3 2 1 3 34 2 1 6 3 0 2 24 3 1 23 23 6 0 1 34 34 34 23 0
2 0 3 1 2 2 0 2 3 3 0 9 2 1 12 0 3 1 3 3 2 2 0 1 3 0 7 2 1 3 2 0 0 3 1 9 2 0 0 5 10 5 5 5 1 2 1 3 0 5 0 8 2 0 11 1 0 1 1 12 0 17 1 0 2 7 3 1 5 5 5 8 9 9 17 1 1 2 0 17 1 2 3 0 5 5 0 5 5 5 0 5 0 5 2 0 9 9 1 5 1 3 2 1 3 1 0 8 5 5 5 5 1 2 0 3 1 0 6 6 1 0 1 0 1 0 2 0 1 3 1 0 13 9 0 6 1 1 2 0 7 1 6 1 0 1 3 0 1 5 0 17 0 1 1 1 0 6 1 2 0 1 3 0 6 1 0 1 2 0 3 2 0 1 2 1 3 2 48 5 0 5 5 0 6 6 0 6 3 1 6 1 15 0 3 2 1 3 0 8 6 1 2 0 3 0 0 2 9 3 1 0 0 0 6 0 1 0 1 1 3 1 8 8 1 1 12 4 4 1 4 4 4 4 4 2 1 2 1 0 1 3 11 0 6 39 6 1 2 0 3 1 1 0 0 4 4 1 4 15 2 1 3 0 6 6 6 1 2 0 3 1 15 0 0 48 1 48 1 1 0 1 1 12 0 1 6 0 7 1 6 0 2 0 1 1 15 6 1 3 2 1 3 6 0 0 1 0 1 0 1 1 1 2 0 3 0 1 2 0 3 1 2 4 4 4 1 0 4 4 2 1 0 1 0 4 4 1 0 4 4 7 4 15 4 1 4 4 1 1 0 4 4 1 4 15 1 11 1 0 8
2 2 2 0 0 1 1 0 9 3 3 1 2 4 4 3 4 3 1 11 1 2 0 16 16 16 16 1 1 0 66 2 8 3 0 0 16 16 16 16 16 16 1 1 66 2 8 3 12 4 15 14 11 1 2 0 3 5 0 5 10 1 10 1 5 10 1 5 10 10 1 5 10 10 1 5 5 10 10 1 1 10 5 1 10 1 10 1 0 5 5 10 1 5 10 1 5 10 1 5 10 1 5 10 1 5 5 5 10 10 1 1 5 10 1 10 1 0 0 1 4 1 2 8 3 2 4 3 14 11 1 0 1 2 4 3 0 11 1 1 0 16 5 5 5 5 1 8 3 2 4 3 14 11 1 2 0 3 2 10 2 0 22 12 3 1 2 1 3 2 0 3 1 2 0 3 1 2 3 2 0 1 0 1 3 2 0 3 9 1 2 0 0 44 4 44 44 4 1 2 4 21 0 44 4 44 4 0 1 0 1 9 9 0 9 44 4 4 44 9 44 4 9 4 2 1 3 0 8 3 12 4 7 4 4 3 14 11 1 0 1 2 0 36 36 1 0 36 1 0 1 2 1 9 1 3 1 2 0 3 1 0 1 2 1 0 1 1 9 0 1 1 9 1 0 0 1 1 15 0 7 9 7 7 9 1 0 28 47
2 1 1 0 1 1 0 1 0 0 0 0 0 1 9 0 1 4 2 2 0 1 0 1 1 0 0 1 0 1 0 1 3 2 10 0 1 0 1 0 1 0 1 0 1 4 15 11 2 3 1 2 0 3 2 0 1 3 9 13 2 57 1 57 1 1 1 3 3 66 1 0 4 4 4 4 11 1 11 1 5 43 16 16 5 5 5 5 5 5 5 5 5 5 5 5 5 5 5 0 2 10 5 16 16 6 17 6 16 16 16 16 5 5 5 5 5 5 5 5 5 9 0 10 43 43 9 10 31 31 31 16 10 6 6 10 6 6 5 5 5 5 5 5 5 5 5 5 5 5 6 7 7 7 6 7 1 1 26 6 6 6 6 6 43 6 6 5 2 3 2 3 2 0 1 3 2 21 21 21 21 21 21 21 21 21 2 2 0 0 1 3 3 0 2 3 1 1 2 1 33 66 2 1 1 66 66 66 66 1 1 66 66 1 6 4 6 6 25 6 6 6 0 5 5 9 0 10 28 1 3 6 2 2 0 1 1 1 1 4 18 4 1 2 3 0 0 5 1 3 3 24 13 10 10 1 0 1 2 5 39 5 5 5 5 5 0 1 1 6 0 1 0 4 1 4 4 1 7 4 6 18 4 1 4 4 4 13 1 4 4 13 1 4 4 13 1 4 4 4 4 1 6 6 1 7 1 26 26 4 4 4 1 6 2 0 1 3 2 0 1 3 1 6 6 6 6 39 2 0 1 6 6 39 39 6 1 3 1 6 3 5 5 5 5 5 5 1 1 3 3 1 0 1 2 4 3 11 17 2 0 0 1 3 2 9 0 2 0 24 3 1 3 18 24 13 3 68 1 0 1 2 1 0 1 0 1 3 3 0 58 1 4 48 4 48 1 24 1 24 1 24 7 0 6 13 1 1 17 4 4 0 2 1 2 1 3 4 4 1 0 1 4 4 15 4 4 13 9 1 3 4 4 1 15 1 4 4 4 4 4 4 1 4 4 1 4 6 6 4 1 39 10 10 10 10 10 2 0 1 2 0 3 2 58 1 9 0 18 4 0 4 4 4 4 15 1 4 4 4 4 4 4 4 4 4 4 4 4 4 1 4 0 1 4 4 4 4 18 73 17 1 17 6 6 6 0 2 10 1 1 2 1 6 17 0 9 1 77 1 1 0 1 0 2 0 1 10 2 0 3 28 28 28 28 28 28 28 28 28 17 10 6 6 17 6 1 1 2 0 3 9 2 2 0 3 1 18 4 4 4 16 16 16 16 16 1 16 17 16 16 16 16 16 16 16 16 1 16 16 16 16 10 16 16 16 1 16 16 16 16 16 16 1 16 16 16 5 5 1 16 10 10 10 16 16 16 16 16 1 0 16 16 16 16 16 1 66 66 0 1 66 1 4 13 17 9 9 9 17 73 1 17 6 19 20 1 17 1 13 4 4 4 4 1 4 4 4 1 4 4 1 4 4 1 4 4 4 1 0 1 15 49 4 4 1 0 1 0 48 17 6 43 43 43 43 6 0 1 0 2 0 1 5 5 5 5 5 0 1 13 4 13 24 18 24 1 1 3 6 3 39 0 1 13 18 24 24 1 1 4 13 0 1 1 3 0 1 4 4 18 4 4 4 4 4 4 4 4 18 15 11 1 6 6 35 9 2 0 3 2 107 67 107 67 1 6 39 1
0 0 9 0 0 1 0 1 0 1 0 1 0 1 9 0 1 12 4 4 0 4 4 21 1 0 4 4 4 4 0 4 4 4 1 0 4 4 21 0 4 4 4 1 0 4 4 4 21 1 0 0 88 4 4 4 4 1 1 0 4 4 0 1 1 4 4 4 1 33 0 4 4 4 4 4 0 88 4 4 4 4 15 21 4 1 4 1 0 1 12 0 88 76 4 4 4 4 15 0 2 1 0 2 1 3 0 2 1 3 2 2 1 3 1 9 51
0 7 4 4 1 1 0 2 0 1 2 0 3 16 16 1 8 4 1 0 0 5 16 1 8 0 0 5 5 5 5 5 5 5 5 5 1 1 4 4 1 2 0 2 3 0 4 1 0 1 12 2 5 5 5 5 5 1 0 8 4 11 11 1 0 1 1 12 17 0 1 2 0 10 4 1 2 0 4 1 3 4 1 0 7 0 0 1 1 6 6 1 0 2 0 2 0 1 6 1 0 6 1 0 1 1 6 1 0 25 1 6 6 2 0 8 2 1 2 4 2 1 3 0 4 1 6 0 6 0 7 8 17 4 17 0 6 6 2 0 1 6 2 0 1 0 1 2 0 4 4 10 1 4 1 1 6 10 15 0 48 0 10 15 0 1 4 2 1 3 0 1 1 7 6 6 1 1 2 7 2 1 3 1 3 6
0 1 0 1 2 38 38 38 0 38 3 2 2 0 0 1 1 85 85 0 3 0 85 85 1 3 1 2 0 1 0 1 0 0 1 0 1 0 0 1 0 0 1 0 0 0 5 5 5 5 16 0 5 5 5 16 5 5 5 16 5 16 23 0 5 1 5 5 5 5 1 0 0 20 1 8 0 20 16 8 8 8 5 16 16 5 20 8 16 4 11 5 16 8 5 1 5 0 5 1 1 5 0 7 5 5 0 12 8 12 0 1 5 16 16 0 5 5 5 1 5 8 16 16 0 38 0 38 5 5 5 5 0 1 6 6 6 6 0 7 0 6 0 2 0 1 3 17 2 2 6 6 6 6 1 0 8 0 2 37 37 1 8 5 10 10 5 16 16 16 1 16 8 0 0 5 5 16 16 21 8 0 5 16 8 16 8 8 0 1 21 0 21 21 8 0 5 5 16 4 16 8 0 1 76 76 15 0 11 5 6 5 0 5 2 0 0 7 1 7 6 6 6 4 11 0 6 5 6 5 5 22 6 1 6 6 6 5 5 5 5 0 7 2 7 7 1 9 0 3 3 0 1 6 6 0 12 0 14 15 65 7 7 71 8 8 2 1 6 7 6 8 5 0 2 10 5 8 31 8 31 8 6 31 31 0 8 1 0 31 68 1 8 0 14 1 5 1 0 0 7 37 7 18 1 1 3 9 0 1 6 2 38 0 3 1 2 0 1 1 6 6 6 6 6 1 0 20 0 7 6 0 1 7 7 18 12 65 9 6 6 51
2 3 0 3 2 2 0 0 3 0 2 1 1 0 1 0 2 3 2 0 0 1 4 0 4 1 0 4 4 4 4 4 4 4 4 4 4 4 4 4 4 4 4 4 84 0 4 0 2 2 1 3 2 0 11 1 3 2 3 11 2 0 1 0 0 1 2 1 2 3 2 3 0 1 4 2 4 1 4 0 2 1 3 3 4 2 4 4 2 3 0 1
0 2 0 4 4 4 2 1 3 0 4 4 1 0 4 4 2 1 0 4 4 1 0 4 0 4 4 4 1 0 4 4 1 8 0 4 4 4 4 4 1 0 4 4 4
2 10 3 2 0 2 35 10 31 24 0 31 24 24 1 59 41 4 10 10 10 10 4 1 4 10 1 4 12 5 20 2 1 3 2 30 4 3 2 20 25 12 0 3 10 1 1 1 10 4 0 1 2 1 0 1 0 0 10 0 0 1 20 10 3 1 2 0 1 0 1 1 2 0 1 4 1 2 0 1 7 1 1 2 10 3 2 0 2 2 2 0 6 25 25 28 0 51
0 11 1 9 9 1 0 1 0 1 0 0 1 0 22 74 1 0 0 11 1 1 0 3 2 1 1 1 3 0 1 2 0 1 3 2 4 3 14 0 11 1 0 12 1 2 12 2 38 3 2 3 2 3 2 0 3 12 1 9 0 12 1 2 1 3 2 0 0 0 1 2 0 1 9 9 2 0 0 1 3 2 10 10 1 10 1 9 0 2 1 1 3 1 0 1 1 0 2 0 1 3 1 17 2 4 3 14 11 1 0 9 1 9 2 0 0 3 5 12 5 16 5 5 16 16 0 16 9 16 16 16 0 5 0 3 8 0 1 9 0 0 13 1 0 5 5 5 2 2 0 0 3 1 0 1 3 2 4 3 5 5 5 8 3 0 9 2 0 3 5 9 5 5 5 0 9 1 5 4 0 4 1 1 2 7 0 3 7 9 6 25 9 17 1 0 25 1 3 0 2 2 25 25 3 1 0 2 25 3 1 2 0 2 25 3 1 3 2 0 6 6 9 1 0 13 1 2 3 0 12 4 15 1 2 0 3 16 16 2 0 0 3 9 1 0 6 1 0 0 16 5 5 5 1 5 0 1 9 13 1 2 1 3 0 9 0 10 1 0 10 2 9 0 1 1 0 10 1 1 10 10 1 10 1 10 10 1 1 1 2 1 3 2 4 4 4 4 4 0 1 0 2 12 1 3 0 0 5 5 5 5 5 0 0 0 0 5 5 5 5 5 6 6 1 0 2 8 3 2 4 11 1 0 13 13 1 2 2 0 3 2 4 3 5 1 0 5 5 5 0 13 1 5 0 1 0 1 11 1 0 13 1 0 2 22 3 1 0 2 22 3 1 0 22 3 1 22 3 1 2 0 1 0 2 22 3 1 3 0 13 1 2 0 3 2 10 10 2 0 22 22 12 3 1 2 1 3 2 0 9 3 0 13 1 9 6 6 0 8 2 4 3 0 11 1 9 0 0 1 9 0 1 0 9 0 1 1 0 13 1 13 14 2 0 0 1 1 0 3 1 1 2 0 3 1 1 1 1 13 1 9 2 0 1 0 0 1 1 0 0 1 0 0 1 0 9 1 0 1 0 1 0 1 0 1 0 1 0 1 0 1 7 1 9 1 0 13 1 15 0 1 0 1 1 1 1 0 1 0 1 2 0 3 1 0 3 1 2 0 3 2 0 0 3 1 1 1
0 0 1 1 0 9 2 2 0 0 1 4 1 4 3 0 4 1 0 1 0 1 0 11 0 1 1 0 1 2 4 3 0 11 1 0 8 0 13
2 10 0 4 2 10 3 4 10 0 10 5 35 1 2 7 30 2 10 35 2 10 24 2 10 24 3 4 2 6 1 1 3 3 41 10 1 1 0 1 0 2 10 7 1 10 2 10 3 10 1 1 1 10 0 1 3 2 1 1 2 10 1 25 18 22 0 1 4 8 2 10 1 3
1 0 2 20 0 0 22 11 1 12 2 0 38 1 50 2 0 38 0 2 57 57
32 20 1 2 0 1 2 32 1 3 32 32 2 1 36 36 3 0 1 3 2 3 2 3 32 24 24 23 32 2 2 14 7 14 14 3 2 1 3 32 13 15 1 1 1 3
0 12 4 2 15 4 7 4 4 15 1 0 11 1 0 1 1 3 0 11 3 4 4 4 3 0 11 12 1 2 0 0 1 3 0 2 0 1 2 0 1 0 1 3 0 2 0 2 61 20 0 0 1 0 0 36 0 36 0 36 0 36 0 36 3 0 2 1 3 0 1 0 0 1 8 2 4 0 4 0 4 4 81 4 15 2 1 3 15 0 0 4 1 0 4 1 12 4 0 4 4 4 4 3 4 4 3 1 0 11 0 3 2 1 3 0 1 0 7 1 0 1
2 0 3 2 0 1 3 0 17 0 1 12 17 0 1 0 2 0 3 2 0 3 2 8 0 1 2 0 3 9 1 0 2 7 1 0 1 0 6 1 0 9 32 32 0 0 9 9 2 4 3 0 6 0 1 2 2 0 3 1 3 0 9 20 0 0 1 1 9 13 0 1 1 9 20 2 0 5 13 20 9 23 32 23 0 1 0 22 1 23 9 1 0 8 9 20 23 20 32 1 0 1 23 20 1 0 20 23 20 5 20 23 23 12 23 0 1 23 32 32 0 1 0 1 1 20 13 0 1 2 0 1 2 0 3 1 13 13 23 15 1 12 1 7 0 11 0 7 3 1 15 0 1 0 1
42 2 15 0 4 20 12 59
0 58 1 6 71
12 4 15 2 2 0 0 0 0 50 1 1 1 1 3 3 0 0 20 12 4 15 12 4 0 0 0 1 12 4 15 20 12 4 15 2 0 1 0 1 1 2 0 12 4 15 1 12 12 4 15 0 0 7 0 1 6 0 0 7 7 1 0 2 1 0 3 2 3 1 9 9 9 1 2 0 1 3 0 6 1 0 58 1 2 0 0 1 0 12 4 15 14 46 1 2 7 1 2 7 7 3 1 0 1 2 2 0 0 3 3 1 1 22 9 0 2 3 2 0 0 1 3 9 1 2 0 10 10 0 10 1 3 41 12 0 6 1 17 0 12 4 4 4 4 15 12 4 4 15 0 1 6 6 6 6 32 6 6 6 32 23 23 6 17 32 32 23 6 6 32 17 6 23 23 32 6 23 23 23 23 32 23 23 6 23 32 23 6 23 23 23 32 23 23 23 23 17 23 23 23 23 23 23 32 32 6 23 23 6 23 6 32 6 23 23 23 23 0 1 0 30 1 1 23 6 32 6 23 0 0 7 0 3 23 23 23 32 6 23 23 23 23 12 23 32 23 1 0 1 1 13 1 1 1 1 0 9 32 1 0 1 1 1 1 1 1 0 13 13 23 23 23 32 23 23 23 23 23 32 13 23 23 23 23 23 23 23 13 13 32 23 9 9 23 32 23 23 23 23 23 9 32 23 23 9 32 17 32 1 2 0 1 0 12 4 15 0 1 1 2 2 0 3 3 0 0 1 1 1 0 0 1 63 63 63 1 0 5 5 5 1 0 0 22 1 1 0 0 0 1 17 1 51
2 1 0 2 4 0 5 0 4 5 0 5 0 4 5 0 1 1 4 3 0 11 2 0 3 4 2 1 2 0 9 1 0 2 22 3 1 1 0 2 22 3 0 1 0 11 1 2 0 3 4 6 0 28 2 1 2 0 1 0 1 4 2 0 4 20 2 0 1 0 1 3 13 1 8 2 0 1 0 4 4 1 1 4 1 3 0 11 1 10 0 1 0 1 0 11 1 0 0 0 1 1 0 1 13 4 13 0 11 1 1 13 1 2 0 1 0 20 1
42 2 2 0 1 2 2 0 0 37 0 23 0 1 23 10 1 5 8 9 1 0 3 9 1 0 0 0 5 5 1 0 1 0 5 0 0 5 0 5 5 5 0 5 5 2 0 1 45 0 9 20 1 0 1 0 1 6 23 1 1 1 0 22 1 45 1 9 1 1 45 0 9 1 2 0 1 1 1 2 0 6 6 6 1 1 1 0 31 1 31 31 7 6 6 6 1 1 2 38 1 1 7 6 13 2 0 0 1 9 1 6 15 1 1 0 1 0
2 35 0 2 1 1 38 0 0 1 1 1 0 3 3 0 0 1 0 1 0 1 0 1 0 2 48 49 15 48 21 1 2 48 54 21 76 12 4 11 18 26 61 2 0 26 54 26 4 4 4 4 15 2 0 2 57 1 2 1 2 0 0 5 48 2 48 2 54 63 2 3 1 46 0 1 0 1 0 1 21 21 0 21 0 55 0 22 2 1 0 2 19 22 19 22 19 22 3 2 1 2 1 3 21 2 122 3 21 2 21 3 21 14 21 2 54 1 0 0 22 1 12 59 0 7 3 1 21 0 20 2 0 2 19 22 3 2 1 3 3 40 70 2 54 55 22 45 12 4 11 0 22 3 0 1 2 0 2 0 31 1 0 31 61 0 1 0 31 1 0 31 19 0 19 38 19 1 4 11 2 0 1 2 0 2 0 3 3 1 2 19 18 0 19 19 19 1 3 2 1 0 2 7 2 1 0 30 1 2 0 0 7 1 1 0 22 19 1 2 1 12 0 55 6 6 1 0 7 1 54 46 1 0 21 1 0 21 22 0 0 0 21 22 0 56 22 0 56 0 4 0 4 76 0 1 20 1 76 1 20
42 2 0 3 0 1 12 0 1 14 4 2 0 1 12 3 1 12 17 2 1 2 0 2 0 0 0 0 0 1 2 0 0 0 2 0 2 0 8 17 2 0 1 2 7 13 2 1 3 1 0 5 1 1 1 3 2 1 3 2 5 5 2 0 8 0 0 19 2 0 1 2 19 8 55 4 4 86 4 8 17 1 0 55 4 86 4 5 5 13 17 20 15 7 1 1 1 3 2 1 3 0 13 0 1 37 37 0 37 0 37 0 37 0 4 13 15 0 1 35 0 1 0 1 1 7 1 7 2 1 0 13 2 1 0 1 55 7 1 0 1 4 0 4 8 2 2 1 3 1 3 4 4 8 0 15
2 2 0 1 0 3 2 3 2 3 2 0 1 0 3 2 1 0 1 0 1 3 3 9 2 0 3 0 0 1
2 4 0 21 4 4 4 1 4 4 3 1 4 2 4 4 4 2 4 4 4 3 2 1 3
0 1 18 18 1 2 1 0 11 22 0 1 0 22 0 22 0 22 0 22 11 0 1 0 1 89 89 89 26 4 4 4 11 4 4
65 0 24 15 1 12 0 6 12 2 0 1 7 3 1 0 2 7 7 1 1 1 12 4 15 11 0 1 6 6 14 9 9 0 7 1 1 6 65
10 4 25 3 1 12 2 10 4 25 1 12 2 10 10 4 120 10 1 10 13 6 12 1 1 10 15 32 2 10 6 2 10 32 6 4 25 1 4 1 3 2 1 3 1
48 1 2 1 1 0 1 41 0 1 1 0 6 1
2 0 3 12 24 15 58 1 6 0 22 57 57 22 22 1 6 57 2 0 3 2 1 6 6 7 6 7 26 6 1 2 1 3 1 2 0 39 1 0 37 1 58
0 0 1 0 2 1 8 0 0 1 0 0 1 0 0 8 1 2 1 3 2 1 3 0 2 1 3 2 4 4 1 0 4 4 1 0 4 4 4 1 0 4 4 1 0 4 0 1 4 0 4 4 1 0 4 4 4 4 1 0 0 4 4 1 0 4 4 1 0 4 4 1 0 4 4 1 0 4 4 1 0 4 4 0 4 4 0 0 1 4 1
6 0 2 24 15 3 1 12 2 0 1 12 0 1 12 2 7 3 1 7 1 0 2 7 1 14 2 0 3 1 6 0 2 19 7 19 3 6 0 1 7 1 1 6 2 7 6 10 55 3 2 1 3 0 7 1 6 4 19 6 1 65 1 0 1 65
2 0 2 0 0 0 0 2 2 0 0 3 7 2 0 3 0 12 0 28 2 0 2 6 36 2 1 3 0 5 2 1 3 0 2 1 2 0 15 7 21 8 6 10 11 2 0 1 0 3 7 4 0 7 6
42 1 2 1 2 7 3 0 1
0 1 2 1 2 0 2 0 7 26 3 2 1 2 0 2 0 7 0 22 7 4 3 1 2 22 0 2 1
2 0 4 4 4 1 0 0 1 4 4 4 1 2 3 0 18 0 0 0 4 4 4 0 1 0 1 4 2 1 3 0 4 4 0 7 15 4 1 12 4 15 2 1 3 0 4 0 4 1 0 0 4 4 1 1 0 4 1 2 0 1 0 1 0 4 0 4 0 4 1 0 4 4 1 0 4 18 4 4 1 3 0 4 4 1 0 4 0 4 4 4 1 4 4 4 15 4 4 4 4 4 3
0 18 24 15 23 0 0 0 7 3 1 2 0 3 2 0 1 10 1 0 0 1 10 1 12 8 0 7 1 1 23 0 7 1 6 1 0 0 1 14 0 8 0 7 3 2 1 3 6
2 2 10 3 2 10 3 0 3 2 8 0 4 8 0 4 9 2 1 3 12 8 2 4 3 11 2 0 20 1 3 2 0 17 15 0 0 7 1 2 0 3 2 7 1 4 11 2 0 2 7 3 1 3 4 11
0 2 1 3 0 1 2 0 7 1 2 1 3 23 12 0 3 1 2 1 2 1 3 0 0 7 15 2 0 3
2 0 2 0 5 2 3 2 0 0 2 1 3 2 1 0 2 1 3 0 8 1
0 62 12 0 2 1 0 1 0 3 2 1 3 0 2 1 0 0 28 0 1 1 3 3 0 1 0 2 8 0 0 0 2 1 2 1 1 3 62 0 2 1 0 2 4 4 4 2 4 3 1 0 4 4 1 0 4 0 4 0 4 0 4 0 4 0 4 0 4 0 4 2 4 1 4 1 4 1 4 1 4 1 1 4 0 2 4 3 1 0 4 2 4 3 1 0 4 2 4 3 3 1 2 4 1 0 0 1 24 1 0 4 2 4 3 1 0 1 0 4 2 4 3 1 18 18 18 2 30 3 18 10 2 0 1 2 0 1 1 1 0 0 3 0 1 10 2 8 3 1 2 0 10 1 2 4 3 0 4 3 0 1 1 0 10 1 1 10 1 10 1 10 1 10 2 8 3 0 4 3 14 0 1 9 0 1 0 1 0 1 0 1 10 1 1 0 0 10 1 0 1 0 10 10 1 0 1 0 1 0 5 5 0 1 0 1 5 5 5 5 5 0 0 1 1 0 1 0 1 0 1 0 0 2 10 0 0 50 1 3 1 10 1 2 2 4 2 24 4 1 1 6 6 45 2 8 2 4 0 11 2 0 9 3 1 2 2 3 2 0 50 2 1 1 2 0 2 50 0 1 1 3 1 0 2 0 1 47 3 1 3 3 3 0 2 3 2 1 3 41 2 0 0 0 1 30 30 1 1 3 1 1 1 9 1 38 38 38 0 1 30 1 18 3 2 8 2 0 1 2 1 3 11 62 0 1 0 1 4 2 4 1 4 4 2 3 1 0 4 0 4 0 2 4 3 1 2 4 3 1 50 0 8 2 0 0 24 58 3 2 34 3 1
2 0 3 10 1 10 1 32 0 2 0 36 36 3 1 0 2 1 3
0 13 1 0 2 0 4 13 0 2 0 0 11 0 2 22 3 2 3 1 0 0 0 22 1 1 3 12 4 15 11 0 0 1 1 0 1 0 8 13 4 4 1 0 4 13 4 13 4 1 0 3 0 4 1 0 8 2 0 0 0 3 1 0 1
2 3 0 2 1 1 0 1 1 0 1 1 0 1 0 1 2 0 3 0 2 4 4 4 4 4 4 4 1 4 4 1 0 4 4 1 0 4 8 0 1 2 3 0 1 2 1 3 2 3
0 3 2 0 10 2 2 0 0 3 5 0 2 1 3 2 0 3 0 0 0 2 36
3 2 0 3 2 1 0 9 9 1 2 0 3 3 1 0 2 1 3 2 0 3 2 1 0 1 1 1 34 0 14 2 1 3 0 0 1 28 62 0 2 1 0 0 0 0 0 0 0 3 2 1 3 62 0 2 21 21 1 4 0 4 0 4 2 4 1 4 1 4 3 1 0 4 4 1 2 4 4 3 2 4 3 1 0 4 1 2 4 3 1 0 4 1 2 4 3 1 0 4 2 4 3 1 0 4 1 2 4 3 1 0 2 3 4 1 2 4 3 1 2 0 4 1 2 4 4 1 2 4 3 1 0 4 2 4 3 0 4 1 2 4 3 1 0 4 1 2 4 3 1 18 18 0 4 1 2 4 3 1 18 10 0 58 0 1 10 1
0 22 3 2 22 2 0 1 3 2 22 3 0 22 6 57 12 6 6 2 0 2 1 6 2 0 1 12 29 9 22 3 1 29 29 1 29 29 13 0 21 0 2 0 30 30 3 1 29 1 6 0 22 1 0 22 4 0 22 0 22 0 1 1 1 0 4 11 0 6 1 6 32 6 6 71 0 4 0 27 27 1 20 1 6 0 22 32 2 0 60 32 32 35 15 15 6 60 60 28 28 2 0 15 2 0 36 36 28 36 1 36 15 1 1 1 15
1 1
0 0 1 2 0 1 2 7 2 1 1 0 1
0 0 24 58 3
3 2 1 1
2 0 2 0 3 3 0 3 2 3 2 2 2 0 1 1 0 2 1 3 0 4 48 5 4 4 2 3 2 2 0 3 2 0 3 2 0 2 2 48 2 48 2 2 0 2 0 2 0 3 2 0 8 5 21 8 21 10 21 10 0 11 0 5 0 1 1 21 10 21 1 0 7 7 3 1 3 0 30 30 114 6 30 1 28 2 2 0 2 1
2 1 0 1 0 1 3 2 20
9 2 4 3 14 0 11 1 0 2 1 3 0 2 0 1 0 1 0 1 0 1 0 1 3 1 3 2 0 1 1 0 3 0 2 1 2 3 0 1 1 0 0 3 2 1 1 3 0 1 0 11 1 0 11 1 0 2 1 3 0 11 2 1 3 1 0 1 0 2 18 18 3 46 18 46 3 8 0 2 1 46 0 8 2 4 4 1 1 3 4 4 2 3 4 4 2 4 1 4 1 4 1 4 1 4 109 3 11 1 0 2 10 10 2 8 3 2 4 4 4 4 1 3 2 4 1 3 9 14 2 4 3 14 11 1 0 0 1 10 10 44 1 4 4 4 9 38 4 12 4 0 4 4 1 4 15 4 9 1 4 4 4 4 2 4 3 21 4 4 4 4 4 0 2 1 4 3 4 2 4 3 21 4 21 1 0 1 0 1 15
6 65 6 6 0 1 6 15 2 0 1 0 0 0 19 19 1 0 1 1 1 2 0 0 0
12 17 3 8 0 0 0 2 1 0 80 1 0 1 0 0 2 1 3 0 2 1 0 3 1 0 0 2 1 1 3 0 1 3 3 0 2 1 2 0 3 14 2 7 3 2 1 3 2 0 3 1 2 0 80 7 22
2 1 0 1 1 1 1 1 1 3 2 1 0 1 1 2 3 2 0 6 1 0 1 0 2 1 3
0 2 9 9 9 12 4 4 4 4 1 4 1 4 18 4 1 4 1 4 4 4 0 11 2 1 0 0 11 0 11 1 0 11 1 0 11 1 18 4 4 4 4 12 4 4 4 1 0 4 4 4 4 4 4 4 4 4 4 4 20 4 4 0 1 4 9 4 4 1 4 1 4 4 1 0 1 0 4 4 4 4 4 1 4 4 4 15 12 15 11 33 3 12 0 1 2 0 0 2 3 3 2 3 1 2 0 1 0 1 15 0 7
0 1 2 0 3 1 0 2 1 3 2 0 2 0 2 0 1 3 6 1 1 2 0 1 0 2 1 0 1 3 0 1 0 2 1 2 22 4 2 1 3 2 0 3 7 69 6
2 3 0 24 0 10 22 4 3 1 13 4 13 4 4 4 4 4 1 11 2 0 1 1 0 0 1 1 2 2 0 3 0 1 0 0 1 0 0 46 46 1 0 2 1 9 2 19 1 37 37 37 51 0 1 2 0 1 0 2 41 13 1 1 1 1 1 1 1 1 1 2 20 41 41 41 41 12 47 0 13 24 74 1 0 24 7 7 0 1 0 7 7 7 7 0 1 1 1 3 1 1 7 7 7 7 7 7 7 7 7 1 7 7 7 7 18 1 0 0 9 4 1 4 4 9 4 9 4 4 4 4 4 4 4 4 4 4 1 1 0 18 1 4 4 11
1 1 2 1 0 3 0
2 1 0 7 82 0 4 0 0 4 4 1 4 4
2 0 3 0 1 1 2 2 7 7 0 1 1 3 9 2 0 3 1 2 7 3 58 3 2 1 3 2 0 1 2 0 9 1 2 2 0 3 1 0 9 105 0 5 1 10 0 1 0 0 1 3 9 1 2 0 1 3 51
0 4 24 1 23 12 0 0 0 7 1 2 0 1 1 3 2 0 1 2 60 8 15 23 0 7 1 6 1 2 10 1 0 8 7 2 1 3
42 0 2 0 0 0 0 35 0 35 35 0 35 46 0 1 1 1 2 0 5 56 10 35 0 1 2 1 1 3 1 1 3 15
42 0 38 0 0 1 0 0 5 5 2 0 2 0 19 19 19 19 19 5 5 19 0 8 1 8 55 4 86 4 55 4 1 0 0 4 12 15 0 1
0 0 0 26 2 1 1 0 1 3 0 4 4 15 11 1 2 1 2 54 1 3 58 1 6 65
0 1 0 1 0 1 0 1 3 0 18 24 1 12 0 0 7 3 1 2 0 3 8 2 0 0 0 0 0 1 0 3 0 2 1 3 1 0 1 0 7 1 1 0 7 1 6 1 0 1 0 11 1 0 8 7 2 1 3 6
0 1 0 1 2 0 0 3 1 0 3 0 3 1 8 0 2 0 1 1 28 0 2 22 3 0 1 3 1
0 1 0 0 1 0 2 1 3 2 4 4 4 4 1 4 4 4 1 4 4 4 4 4 4 4 1 1 4 4 4 4 0 4 11 0 3 1 3 12 0 5
1
1 0 1 0 1 0 1 0 1 0 0 2 1 1 3 0 2 1 3 0 1 2 3 0 1 0 1 0 2 1 1 0 3 2 54 1 3 3 0 46 0 0 46 0 1 0 2 0 3 27 27 1 0 4 1 1 2 0 1 2 54 3 0 0 5 0 0 5 16 1 16 16 1 5 5 2 0 3 1 1 9 1 0 5 16 1 16 1 0 16 1 5 5 5 5 5 5 8 4 2 0 3 1 9 1 1 1 2 0 3 1 2 0 3 2 1 5 5 5 5 1 5 5 4 0 4 15 11 0 1 12 0 2 7 3 1 0 24 1 12 0 2 3 0 1 2 0 2 0 3 0 3 1 1 1 0 2 0 3 1 2 1 30 2 0 3 2 0 3 1 2 1 0 0 5 5 0 1 1 0 5 5 7 1 6 12 6 4 14 0 15 11 2 0 3 6 1 1 2 0 0 2 1 6 2 3 0 6 6 0 9 1 1 0 1 6 0 1 3 6 0 2 7 3 1 0 2 2 7 7 3 3 1 1 0 0 2 7 3 1 0 1 3 1 6 0 2 7 3 1 6 0 2 1 3 6 20 1 0 0 2 1 2 1 3 0 0 0 2 1 1 1 0 1 0 2 1 3 2 0 3 6 2 7 7 1 3 2 1 3 0 12 24 15 1 6 0 7 6 1 6 6 0 2 7 3 0 2 7 3 1 60 0 19 7 1 7 19 1 6 0 7 3 1 6 6 2 0 1 65 1 0 4 1 0 1 4 0 4 1 15 1 2 3 0 1 0 1 2 1 3 0 0 1 71 4 1 65 0 1 65
2 3 8 2 4 4 3 4 4 4 2 4 3 3 1 0 4 2 2 4 4 7 4 4 2 4 1 1 0 22 0 4 4 4 2 4 4 4 4 3 4 0 23 2 4 23 0 22 2 2 2 3 3
2 2 0 1 2 0 0 1 4 11 1 1 12 2 0 1 0 2 0 3 2 0 1 0 1 2 0 0 1 0 1 0 8 13 13 4 0 8 2 0 1 0 1 0 2 0 1 4 4 13 13 1 2 0 11 0 2 1 2 1 0 8 13 4 0 8 2 0 13 13 13 6 8 0 11 8 2 3 2 0 1 1 0 10 1 2 0 3 2 3 13 0 8 2 0 2 4 6 3 0 1 1 0 1 0 4 0 2 0 1 3 4 2 0 1 0 4 1 1 0 1 0 4 1 0 4 1 0 4 1 0 4 1 0 44 2 0 28 1 44 0 4 4 4 4 4 3 2 4 4 0 0
20 2 0 1 0 1 2 0 1 20 0 99 2 0 1 3 20
1 1 1 0 1 0 0 24 1 12 0 12 24 7 0 4 7 15 11 0 11 12 1 6 0 2 7 7 1 3 0 33 2 0 0 0 1 3 1 2 1 0 2 24 14 7 24 24 15 2 0 2 7 1 3 1 3 14 20 3 7 1 1 0 2 7 1 1 0 3 2 20 74 1 2 24 3 65 14 2 7 24 15 3 1 3 12 2 1 0 0 2 1 3 1 0 2 1 1 0 0 2 1 1 1 0 1 1 1 7 1 9 0 1 1 0 1 0 1 0 1 0 0 9 9 15 0 4 1 0 4 1 0 4 1 0 4 1 0 4 1 0 4 1 0 4 1 0 4 1 0 4 1 4 1 4 4 1 4 1 4 1 1 12 4 15 11 9
6 1 28
72 2 95 1 1 3
2 0 1 20 15 2 0 60 19 60 2 0 1
2 0 1 1 0 1 3 2 2 2 0 0 0 0 3 3 1 1 2 3 2 0 1 1
0 9 0 22 6 0 22 6 32 32 32 32 6 2 0 9 26 2 1 1 0 22 0 22 0 22 2 0 2 1 2 0 1 21 0 21 26 21 0 22 3 4 15 11 71 0 50 21 21 0 22 54 104 0 2 1 0 4 1 3 11 1 6 6 0 22 6 39 2 0 1 2 0 2 7 1 2 20 0 3 2 0 2 6 19 0 3 22 3 1 20 1 1 0 0 1 3 1 9 90 0 5 1 0 5 4 4 12 49 11 9 11 1 0 22 0 0 0 7 1 0 1 0 1 0 1 0 1 0 1 0 1 1 0 29 1 2 2 3 2 3 1 3 2 35 0 0 1 1 35 15 0 22 3 3 4 1 1 2 3 2 0 7 3 22 12 12 6 35 19 19 2 0 2 19 3 2 3 6 9 4 1 0 2 2 1 2 1 3 2 3 15 6 1 1 1 1 1 2 0 0 0 1 3 2 1 3 67 1 15 15 102 0 54 4 4 1 1
12 2 0 3 2 3 1 13 13 0 1 2 0 1 2 2 7 0 1 14 3 0 1 3 0 1 3 0 1 9 0 75 75 0 1 75 75 1 0 75 75 7 1
0 1 2 0 1 1 7 0 2 7 13 1 2 1 3
2 3 12 17 2 0 0 1 0 3 1 1 0 9 9 80 0 2 0 1 0 14 2 7 3 2 1 3 2 0 3 1 2 0 3 1 2 10 80 7 7 1
2 0 0 0 9 0
0 1 0 1 65 0 6 6 6 2 0 1 6 6 6 6 1 0 9 19 1 19 1 19 1 19 1 19 1 23 19 1 19 1 26 26 1 1 26 1 0 1 1 2 0 3 0 2 16 19 1 19 1 19 1 19 19 1 1 1 19 1 0 1 1 4 0 11 51
2 10 2 1 1
2 3 0 0 5 5 0 5 5 5 0 0 5 0 5 5 5 5 5 5 5 5 5 5 5 1 12 12 4 4 15 15 0 1 2 0 0 16 5 8 16 16 5 8 5 8 5 8 5 0 3 4 9 5 8 0 1 5 8 5 8 61 1 0 0 5 5 8 0 5 5 1 8 1 0 5 8 16 16 4 15 1 1 4 8 3 9 0 4 1
verb_class
12 3 0 1 0 1 0 0 2 2 1 1 0 2 0 1 1 0 1 0 0 1 0 0 2 1 1 1 1 1 1 1 1 1 1 0 3 0 1 9 9 1 0 2 1 3 0 0 11 11 1 1 0 11 33 0 1 3 0 0 0 1 3 0 3 1 2 0 3 14 2 7 3
0 58 6 7 24 6 20 20 7 24 7 24 7 58 24 1 1 0 4 15 11 1
0 2 1 0 1 35 1 35 1 35 1 2 0 1 2 35 1 2 0 1 0 1 1 1 0 1 3 2 0 0 2 3 1 3 1 12 2 0 0 1 1 2 0 1 3 1 2 0 2 1 0 1 0 5 0 1 5 5 5 1 3 1 0 3 2 1 3 0 1 0 1 0 12 4 1 0 4 15 1 0 2 8 12 4 0 4 15 4 0 1
0 2 2 0 1 0 1 3 3 1 2 20 10 3 12 12 23 23 12 0 1 0 0 1
0 6 1 0 0 7 1 0 7 2 0 1 1 0 2 0 0 1 1 4 1 0 4 0 1 0 4 1 0 4 13 13 0
9 12 1 17 0 31 1 8 0 31 1 8 0 2 2 1 3 3 17 0 7 7 7 15 1 0 0 1 0 1 1 7 1 1
0 1 0 2 1 0 1 0 8 2 4 11 12 2 0 19 1 0 1 1 0 0 12 20 22 6
0 18 24 12 15 1 23 2 0 0 3 1 1 12 23 23 12 2 0 2 1 2 0 0 3 0 1 2 60 4 3 14 18 23 3 1 2 0 2 7 3 1 3 2 1 3 23 12 0 8 0 50 1 23 0 0 7 1 1 0 7 0 7 1 23 8 0 6 1 3 2 0 1 3 2 0 0 0 2 0 1 3 1 0 2 1 3 2 2 1 3 0 6 2 4 0 2 2 0 1 0 6 1 2 0 1 0 6 1 0 6 23 1 0 0 1 1 0 6 1 4 1 15 23 0 6 1 4 4 4 0 6 0 0 7 48 0 7 1 1 0 7 1 6 0 7 4 4 0 4 0 4 4 0 4 4 11 3 2 1 0 4 4
0 0 0 0 0 0 2 3 2 3 2 3 1 13 2 2 3 3 7 0 5 7 0 7 7 46 46 46 2 0 3 0 1 5 0 1 0 3 1 1 0 12 4 4 4 15 0 4 15 1 12 0 5 4 4 5 5 5 5 5 5 5 5 5 5 5 5 5 5 5 5 5 5 5 5 5 0 1 13 2 1 4 4 2 4 4 3 2 2 0 2 4 5 4 5 3 69 3 2 5 14 2 1 30 5 5 2 5 5 6 4 3 1 4 4 4 2 4 4 4 4 3 4 4 4 2 4 2 2 3 3 0 2 25 28 14 25 0 6 6 10 7 1 0 6 26 1 1 14 14 2 14 3 5 25 23 16 23 16 25 13 13 25 25 6 6 6 1 6 6 6 2 4 4 4 4 4 3 4 2 4 4 4 2 6 6 6 2 4 4 4 4 3 2 11 11 0 5 5 5 5 5 5 9 5 5 5 2 22 3 2 0 2 2 4 4 3 5 5 0 26 26 26 26 26 0 26 26 26 26 26 26 5 26 5 5 5 5 5 5 5 5 5 5 5 5 5 5 5 5 0 1 5 5 1 5 6 2 6 3 8 1 2 0 1 35 4 48 6 48 48 48 1 5 5 5 5 5 5 5 1 1 2 6 4 6 3 2 69 3 8 2 0 0 12 4 15 5 5 5 1 1 6 3 2 69 3 3 2 3 21 21 21 6 21 2 7 6 25 6 25 4 2 4 2 4 4 2 4 4
15 2 0 2 48 1 3 14 1 1 0 0 1
8 4 0 2 2 1 0 2 2 1 3 3 2 4 4 1 4 1 4 1 4 1 4 1 4 1 4 15 12 4 4 1 4 11
42 1 0 0 0 19 19 1 4 0 4 2 1 1 0 4 0 1 2 0 0 1 5 1 0 1 2 3 2 1 1 1 1 3 35 0 4 2 2 1 0 2 1 0 4 1 4 1 0 4 1 0 4 4 1 0 4 1 4 3 3 4 2 45 4 1 0 4 8 13 4 4 4 0 4 4 4 1 1 13 21 4 4 13 21 4 9 4 4 13 4 4 13 21 4 8 0 4 4 8 13 4 21 21 21 26 12 4 12 4 21 1 0 4 4 1 4 1 3 4 3 15
2 0 2 0 0 2 0 7 1
0 0 1 12 1 0 9 0 0 0 0 1 2 0 3 0 0 1 0 1 0 1 0 1 0 1 1 1 0 0 0 1 63 1 1 2 1 0 1 3 0 0 1 1 0 9 1 0 0 1 1 1 2 10 3 1 0 2 1 1 0 0 3 2 1 0 0 4 4 0 0 4 0 52 1 4 4 4 1 0 4 4 1 0 4 1 1 0 0 4 0 4 0 4 2 4 4 4 4 4 4 4 4 4 1 0 4 4 0 1 4 4 2 4 4 1 1 4 3 4 4 4 4 1 4 1 4 4 1 4 1 4 1 0 4 1 18 0 3 2 18 3 2 4 0 4 4 4 1 0 2 4 3 4 4 12 4 4 4 4 15 4 15 1 12 4 15 11 1 0 2 9 1 3 0 1 14 46 2 3 2 1 0 14 46 1 3 0 4
2 0 2 0 1 3 3 1 0 0 3 5 16 8 5 0 1 3 0 16 5 0 8 0 18 4 9 2 4 24 4 4 0 11 0 1 1 4 3 4 4 4 1 11 21 1 12 0 1 2 0 1 20 2 0 3 1 20 4 7 4 4 15 2 1 3 0 11 20 20 20 2 0 3 67 20 2 4 4 4 11 20 20 81 20 0 1 15 2 0 3 6 0 7 1 1
7 3 1 1 1 6 2 7 3 2 69 0 7 3 2 69 3 6 4 6 28
2 0 6 15 0 0 48 1 0 7 1 0 1 2 0 0 7 6 0 1 1 0 1 1 1 3
1 2 4 1 4 4 4 4 1 3 11 0 2 2 1 0 3
0 6 15 0 15 0 2 0 3 1 0 1 2 0 3 6 0 19 19 1 55 1 0 0 6 19 19 1 2 0 0 3
2 1 1 2 0 11 1 9 1 0 0 3 1 9 9 1 0 0 1 0 2 1 0 2 1 1 1 1 1 1 1 9 1 1 1 3 0 1 0 1 0 9 9 9 0 1 9 9 9 9 9 1 0 1 0 1 3 0 2 1 3 0 1 2 0 1 0 3 2 2 1 0 22 1 7 7 7 1 0 2 7 0 0 7 7 0 7 0 1 7 37 13 1 10 14 2 1 1 1 32 23 2 2 0 3 1 10 1 0 1 32 23 10 1 7 1 0 14 22 0 22 3 2 1 0 3 0 0 1 1 1 0 2 0 2 7 3 1 3 7 22 3 23 23 2 4 1 4 3 0 4 1 2 4 14 18 4 24 4 3 4 1 4 4 1 0 4 2 4 1 4 14 4 14 1 4 24 18 24 14 18 24 18 1 0 4 1 3 4 4 3 14 11 1 0 3
0 1 2 8 3 1 0 0 7 1 0 4 1 0 4 1 0 12 4 15 4 1 0 4 1 0 4 1 0 4 1 0 4 1 18 4 1 4 18 4 4 1 12 0 4 4 4 4 4 1 0 4 1 0 4 1 0 4 1 0 4 0 4 4 1 0 4 0 4 4 1 0 4 1 0 4 1 18 4 0 4 18 1 4 4 0 4 1 1 0 21 4 0 4 15 21 21 4 4 4 21 4 4 2 8 3 4 9 4 4 4 4 4 12 4 4 4 4 4 1 4 4 15 21 4 1 11 33 9 0 46 1 0 3 2 3 9
0 22 16 1 5 0 9 13 1 0 20 15 0 48 1 0 0 48 1 0 7 5 0 13 1 0 1 0 1 0 13 0 13 15 2 2 0 2 0 2 3 1 54 2 1 3 5 1 5 1 5 1 1 6 6 1 0 6 65 1 0 64 7 1 0 22 0 22 65 0 22 6 6 16 16 16 16 16 5 6 0 7 1 6 6 5 5 6 6 39 4 11 6 0 4 5 5 0 22 5 6 6 20 0 1 64 0 22 2 3 2 0 0 0 7 1 3 2 1 6 10 65 0 64 26 6 0 6 0 22 6 5 6 6 64 64 4 64 5 5 4 6 2 0 38 38 3 1 6 2 54 1 6 0 67 6 2 3 2 3 2 54 0 3 4 4 11 2 19 0 19 57 57 0 57 6 7 6 6 0 7 64 26 7 6 2 2 54 5 1 2 6 64 22 1 6 2 38 7 3 1 2 54 0 2 3 3 5 10 10 5 5 22 4 1 2 0 39 2 12 6 2 3 4 6 0 22 0 22 2 54 2 54 6 2 10 1 39 1 2 0 1 0 2 0 1 1 57 1 9 0 0 0 4 2 9 2 57 57 6 9 2 1 6 6 40 40 5 76 6 4 57 57 57 6 6 7 6 15 2 6 64 6 64 4 1 6 17 2 7 64 6 64 3 1 7 3 2 0 1 3 2 3 2 1 0 1
2 10 26 5 26 2 6 16 26 12 5 26 2 0 31 2 1 10 2 5 10 5 10 6 26 5 26 6 17 5 26 6 17 6 5 1 6 17 2 0 0 0 2 1 1 1 6 0 0 54 1 5 5 5 26 6 0 17 1 1 21 5 5 16 78 5 16 5 5 16 5 5 26 6 9 17 6 2 10 1 7 0 7 1 1 6 17 1 10 1 3 2 1 0 3 1 1 1 12 4 15 6 1 1 0 2 1 3 2 10 1 2 2 1 0 2 0 1 14 6 1 1 0 2 0 5 5 0 0 1 12 4 0 14 1 0 6 26 6 0 0 7 1 1 6 17 0 2 2 1 6 6 0 7 14 0 7 14 6 6 6 0 2 31 1 6 1 1 17 0 1 2 10 1 0 6 1 1
2 0 0 3 2 0 2 0 2 0 10 4 11 0 0 0 0 1 5 2 0 11 11 24 0 48 2 2 7 4 11 7 2 0 3 3 5 21 10 21 8 6 24 2 0 3 5 3 2 0 0 0 1 2 1 1 2 3 2 1 8 8 2 1
2 0 3 2 0 38 38 38 0 19 1 3 4 0 4 4 7 7 2 0 4 1 1 3 2 0 4 4 5 8 5 5 5 0 4 5 8 5 5 5 4 2 0 3 4 2 2 6 6 2 2 0 0 7 47 0 7 4 4 4 4 4 3 47 47 47 47 1 1 1 47 47 1 47 47 47 0 0 2 4 3
1 0 0 0 1 1 1 1 0 1 0 0 0 1 1 0 1 0 1 7 2 0 0 1 2 7 3 2 1 3 24 0 1 2 0 3 0 2 12 1 0 4 4 15 10 1 1 11
62 62 3 2 0 1 8 4 0 66 10 10 10 4 10 10 20 0 4 8 12 20 10 10 10 10 10 10 10 10 10 10 1 4 4 4 15 0 10 0 0 1 1 0 5 5 1 5 0 5 5 5 1 4 1 4 1 2 0 4 10 1 0 6 10 66 4 1 6 1 6 3 20 70 12 12 1 1 14 0 2 20 0 92 0 0 0 1 14 1 14 1 47 1 1 47 2 6 15 4 4 4 0 14 14 1 14 14 9 6 1 8 0 2 0 20 13 0 5 5 1 28 1 1 20 14 14 4 4 5 5 12 0 2 10 1 1 2 4 4 15 13 13 14 14 25 20 1 10 1 5 10 5 5 1 5 4 12 4 4 12 6 1 1 8 0 1 1 14 14 14 14 14 1 4 4 4 1 14 14 25 6 0 1 7 28 4 1 25 0 1 1 12 4 4 1 4 15 1 4 15 9 4 4 4 4 1 53 53 4 4 4 4 1 70 1 0 1 4 4 12 15 20 3 1 0 5 10 1 0 37 0 10 10 8 10 5 5 1 14 6 14 20 6 1 1 0 4 1 6 6 12 4 6 0 1 1 6 6 20 0 4 1 4 1 70 6 6 47 0 1 6 1 28 4 15 1 4 1 25 12 0 1 8 28 0 2 4 37 37 37 10 10 10 1 10 10 1 10 1 10 10 10 0 10 10 10 37 37 37 37 10 10 10 10 10 10 10 10 1 10 1 10 1 10 10 1 1 1 4 15 12 4 1 1 4 1 1 1 1 14 1 0 0 5 5 5 1 1 1 4 1 4 1 2 38 70 2 2 38 2 38 38 38 38 2 38 2 2 38 2 6 4 1 4 4 4 1 2 38 38 38 38 2 1 38 0 6 1 50 50 50 50 42 2 2 6 1 12 1 12 70 20 1 1 1 1 38 0 9 10 1 4 53 15 4 1 1 4 1 6 50 6 47 1 25 0 1 6 71 6 1 0 1 1 6 1 15 1 28 1 4 4 4 4 4 15 23 23 0 1 4 10 0 12 0 0 0 1 1 1 0 1 14 47 1 1 1 1 1 28 28 4 4 15 4 1 4 4 4 74 4 4 4 10 4 4 4 4 45 4 1 1 12 4 4 4 1 0 28 28 1 0 1 1 4 0 47
22 0 22 3 4 11 2 0 6 6 2 0 1 0 1 6
1 0 2 0 9 0 9 2 8 3 0 2 0 0 14 22 1 1 2 0 1 1 0 0 3 3 2 1 1 3 0 1 2 22 22 3 12 0 2 4 1 0 4 1 4 0 4 1 2 4 4 4 4 2 4 17 4 1 4 4 4 11 1 0 3 1 2 0 0 1 2 0 1 3 0 1 2 0 1 0 0 1 0 9 12 16 5 16 5 16 16 1 2 4 14 3 1 0 9 5 1 0 5 1 2 9 9 2 9 9 9 3 2 0 3 2 2 0 2 4 1 0 2 8 3 9 5 5 5 5 5 4 4 4 1 1 2 22 3 1 0 1 0 1 2 4 3 14 11 1 2 0 0 1 3 1 2 3 2 0 0 12 12 1 1 1 0 2 0 22 7 3 1 1 0 0 7 7 1 1 1 2 0 0 6 1 2 2 0 2 10 1 2 4 3 1 5 4 1 1 2 0 16 16 16 16 16 5 5 10 41 9 0 41 0 2 8 3 2 4 3 14 11 1 0 5 5 5 5 5 0 6 17 1 5 5 5 5 5 5 5 5 5 5 5 0 6 1 0 1 9 0 7 1 1 0 6 6 1 0 0 2 7 3 14 2 7 3 1 0 6 6 17 17 1 0 7 3 1 0 6 1 0 1 0 1 124 2 0 3 12 2 7 7 7 3 2 1 3 12 6 1 0 2 3 2 22 24 24 18 7 7 3 1 2 0 3 2 0 1 0 3 1 1 0 6 1 0 1 17 0 1 9 2 0 1 1 9 0 2 1 3 0 9 0 0 0 2 8 3 9 9 0 2 1 3 2 3 17 2 6 3 17 2 4 4 9 4 1 4 4 4 4 1 2 4 4 4 1 4 1 4 1 4 1 4 3 4 2 4 3 1 2 4 3 11 1 2 3 12 12 9 9 10 6 6 1 1 9 0 9 0 7 7 7 7 7 1 0 2 0 3 2 7 1 7 1 6 1 1 0 1 7 1 2 0 6 1 0 3 1 3 0 0 1 1 0 2 3 2 0 12 3 0 1 12 4 4 4 15 1 11 0 2 0 44 4 44 4 4 1 2 1 2 4 3 4 2 4 1 2 0 0 3 1 2 11 0 0 3 0 3 1 35 35 2 0 1 1 2 6 15 1 1 0 1 1 0 6 1 0 2 0 1 1 0 1 2 0 10 10 2 4 3 4 2 4 1 9 4 3 11 1 0 2 0 10 44 4 4 4 9 0 13 4 13 44 4 4 4 2 4 3 11 1 2 0 0 44 4 0 1 0 0 1 1 4 4 4 4 1 1 2 4 2 4 1 4 4 4 4 4 4 1 4 4 1 1 4 3 11 1 0 4 4 4 4 4 4 4 21 2 4 4 1 2 4 3 14 11 0 11 1 1 6 9 0 1 1 0 11 2 22 0 11 22 0 1 3 1 2 0 3 12 4 4 15 1 15 2 0 0 3 0 1 2 9 7 1 0 1 3 7 1 1 1 14 2 0 12 12 12 0 1 0 7 1 0 6 2 0 3 2 2 0 0 1 0 1 0 6 6 6 0 0 22 6 6 6 0 22 7 1 0 1 0 1 1 4 1 6 6 6 6 6 6 0 0 22 22 0 22 0 1 0 7 3 1 7 6 6 6 6 6 6 0 4 1 6 41 6 6 1 0 1 15 9 12 4 15 11 1
0 4 4 4 11 2 0 2 2 1 2
2 0 1 2 0 1 0 6 1 0 1
12 2 10 0 5 1 2 0 5 1 10 2 0 1 1 3 0 1 2 1 3
2 0 0 3 0 1 24 15 1 2 3 12 1 71 0 1 2 0 3 1 2 0 3 1 2 1 3 2 1 3 2 0 3 1 2 0 3 1 1
2 0 3 1 2 0 0 1 1 0 0 1 1 0 38 2 10 2 8 3 2 0 0 3 0 1 0 2 2 34 24 3 3 1 70 2 0 3 1 1 0 2 7 18 1 1 7 7 0 18 1 3 1 0 2 1 1 3 1 1 0 0 7 18 1 0 50 2 2 2 8 3 0 19 1 6 6 0 0 1 2 10 8 2 3 0 7 7 7 7 0 0 24 18 1 34 0 7 1 0 7 1 6 6 6 6 6 10 6 6 2 0 6 6 6 0 25 6 6 0 25 0 56 25 56 0 36 25 56 36 1 0 7 36 35 0 1 35 35 2 4 4 0 7 4 3 0 11 2 0 38 0 3 28 28 9 28 0 2 54 1 1 23 3 41 2 0 1 1 0 0 0 1 0 3 9 0 1 0 3 0 1 2 1 3 0 3 0 1 2 1 3 0 2 4 2 2 7 4 3 0 11 0 1 0 1 5 5 16 16 16 1 0 2 8 3 1 1 5 5 5 5 5 5 5 5 5 5 10 0 2 8 3 0 2 8 0 9 0 10 5 0 5 5 5 10 2 8 3 0 2 7 34 14 3 2 8 2 0 3 0 7 7 45 1 6 6 34 6 2 6 2 0 0 0 38 0 6 6 3 6 34 6 1 0 6 34 6 0 2 7 1 6 34 6 9 0 1 31 22 0 31 22 31 22 0 6 0 31 25 0 31 25 0 31 25 0 34 6 6 81 0 31 25 0 25 34 6 31 6 13 13 31 13 31 13 13 13 6 31 13 13 31 13 13 13 31 13 31 13 13 34 13 81 0 31 13 6 9 0 28 0 2 8 3 2 0 0 1 2 2 0 1 1 3 0 25 1 2 8 3 2 0 6 34 6 34 6 72 6 6 72 6 1 34 6 6 10 2 34 7 1 0 10 0 1 0 6 6 34 28 1 81 0 2 1 1 0 1 0 1 0 2 54 1 3 0 2 1 0 2 1 0 2 1 1 1 3 62 18 0 1 34 4 0 2 4 3 1 0 2 24 14 36 36 1 0 4 4 4 2 4 1 0 0 7 0 4 0 4 0 4 0 4 1 0 4 2 4 0 4 0 1 0 4 4 0 2 4 4 1 2 4 3 1 0 2 4 1 0 4 1 0 4 1 0 4 1 0 4 1 0 4 3 1 18 34 2 10 0 6 1 34 31 13 13 13 6 6 0 7 7 0 7 3 34 6 6 34 0 28 1 2 0 3 0 34 1 7 58 1 0 1 6 71 71 34 6 1 3 0 0 39 1 81 0 1 87
2 12 3 2 0 0 0 3 2 0 2 3 1 2 0 1 3 2 0 0 1 3 1 2 4 4 4 4 3 1 2 0 0 1 3 3 0 5 12 5 5 5 5 5 5 7 8 2 3 0 6 0 2 7 1 6 1 0 4 2 4 3 1 5 5 7 1 0 8 2 1 3 0 6 1 2 0 0 1 3 0 0 5 5 5 1 0 2 7 7 3 13 0 6 6 0 0 2 1 3 0 2 1 0 1 2 1 3 1 0 1 2 0 1 2 0 1 0 6 0 2 1 3 0 6 0 0 0 5 61 37 37 37 37 1 8 0 1 8 0 6 2 0 1 13 0 7 50 1 0 7 3 1 0 0 7 1 6 6 0 2 1 2 0 7 7 6 3 1 1 0 6 17 6 6 6 1 2 0 1 0 2 1 0 6 6 1 0 0 5 2 7 1 6 1 0 8 8 8 0 6 0 7 7 46 3 2 1 6 0 0 2 7 3 1 0 2 1 3 0 6 17 6 6 1 0 0 1 1 2 0 6 1 0 2 0 3 1 0 6 6 6 1 6 6 1 0 1 6 0 19 39 1 2 0 0 7 58 1 1 0 6 6 1 0 6 1 0 19 39 1 15 0 48 48 7 1 19 1 1 1 0 6 1 7 0 2 1 0 6 6 6 6 15 6 6 6 1 3 1 0 0 7 7 19 7 19 1 1 0 1 0 7 19 19 7 19 1 1 2 4 4 4 3 0 1
2 0 3 0 1 3 1 2 12 1 0 1 2 1 2 1 3 0 1 0 2 1 0 2 1 1 0 1 8 3 3 1
1 2 0 3 0 1 13 2 1 0 3 1 0 1 1 2 0 3 1 2 0 1 0 1 2 0 3 1 2 0 3 14 2 7 1 3 2 1 3 0 1
0 2 1 1 1 1 0 1 0 0 9 9 0 31 31 31 31 31 31 31 31 31 31 31 31 31 31 4 0 7 0 2 1 3 13 13 4 4 4 4 4 2 9 9 1 0 75 75 75 75 75 75 75 75 75 75 75 75 75 2 1 1 13 4 4 4 13 4 13 4 13 11 2 0 31 31 31 31 0 1 0 1 3 4 13 2 0 28 3 1 1 0 9 9 9 9 9 9 13 10 4 4 4 4 4 13 24 18 13 4 13 0 0 11 11 11 1 2 0 68 3 6 0 2 1 3 0 2 1 0 2 1 0 1 3 2 1 3 13 24 13 1 0 1 6 6 6 6 9 43 6 18 12 24 15 1 1 1 0 1 0 18 1 24 4 12 4 15 1 0 4 4 15 1 0 4 12 4 1 0 4 17 4 12 4 4 4 4 4 1 0 4 4 4 1 0 1 15 6 2 3 13 0 1 1 0 2 1 3 4 4 4 4 4 4 4 4 4 1 4 4 4 4 4 1 4 4 13 11 33 2 4 2 1 0 1 3 0 9 9 1 13 4 13 13 4 4 4 4 4 4 4 4 4 11
2 0 63 0 5 5 5 5 5 5 5 5 5 2 4 4 4 48 7 2 1 3 0 0 8 2 4 3 4 1 2 0 1 4 4 8 5 5 5 5 5 2 47 1 2 1 7 0 47 2 0 1 99 98 2 3 47 47 47 7 1 1 1 2 4 47 1 66 1 47 47 2 7 6 1 7 6 0 7 7 6 2 0 1 3 2 3 1 1 1 2 1 7
2 3 2 0 3 1 0 1 2 0 0 1 3 2 1 10 2 1 3 2 0 1 10 8 12 4 15 1 10 0 8 12 4 15 1 0 5 2 5 10 8 16 8 16 1 8 16 1 8 0 0 5 5 0 5 0 5 5 12 4 15 5 1 5 1 5 5 1 1 5 5 1 1 5 5 1 1 5 1 5 1 5 1 5 1 1 2 0 10 8 43 1 3 16 8 5 8 8 5 0 1 1 0 0 4 15 0 12 4 15 1 14 38 2 10 10 10 3 0 1 1 2 1 1 2 1 3 0 2 1 50
0 1 0 2 12 2 38 0 2 8 0 7 1 1 2 0 2 10 7 1 1 0 0 1 0 1 79 0 1 13 38 0 1 0 2 10 0 2 19 19 46 1 3 1 2 2 0 3 3 0 7 1 1 0 1 51
42 0 0 9 0 4 10 5 8 2 0 5 5 8 5 2 0 19 19 19 8 2 4 15 0 4 2 1 1 3 0 2 4 4 0 4 1 15 4 0 1
42 2 9 0 2 50 0 0 0 0 3 2 0 0 4 0 5 5 8 4 5 5 0 1 0 4 5 5 67 5 1 0 4 1 1 0 1 0 0 7 1 0 2 5 1 0 1 1 1 3 0 2 7 1 3 0 1 2 4 1 0 1 4 2 0 4 1 51
42 1 36 0 0 44 44 44 44 2 44 13 44 13 44 13 44 0 44 0 13 44 0 44 0 44 9 2 1 2 0 7 1 1 1 44 3 3 12 12 59 59 3 13 4 0 4 13 0 4 15
6
15 0 1 0 1 2 0 0 2 0 1 3 1 1 10 20 0 1 0 0 1 1 15 76 0 1 0 1 20 0 1 0 29 0 1 36 0 21 1 0 29 29 29 29 0 32 36 53 53 76 5 1 0 76 2 0 3 0 2 0 3 1 1 0 1 0 9 9 1 0 1 0 0 0 1 0 29 9 9 21 0 36 1 23 29 0 30 36 36 29 29 29 0 1 29 0 1 1 32 36 53 0 5 9 0 1 0 0 1 0 7 36 7 1 0 1 1 1 21 36 0 7 1 36 0 54 30 30 30 30 1 1 0 30 0 30 30 0 0 30 0 0 0 30 36 36 39 1 1 0 2 0 9 1 1 0 1 0 5 30 5 0 30 12 4 15 15 2 10 2 48 1 1 0 5 30 0 30 12 4 15 2 10 1 2 1 0 1 3 1 0 0 2 1 3 0 0 2 1 3 0 2 1 3 0 29 2 1 3 0 0 0 2 1 3 0 1 0 2 1 3 0 9 0 1 1 0 0 1 0 21 4 9 4 1 12 4 15 2 0 3 2 12 88 2 1 49 4 12 4 4 4 4 4 15 4
1 2 24 3 14 2 7 24 3 2 1 0 3 1 0 2 24 3 14 2 7 1 0 2 7 7 1 0 3 0 24 15 12 15 0 3 2 1 1 3 11
42 2 12 2 0 4 12 0 0 1 1 0 1 0 0 0 0 0 0 0 3 2 2 0 22 0 1 0 1 0 1 0 1 0 0 0 1 1 35 0 2 35 1 1 1 3 3 2 0 1 0 0 3 2 1 1 0 2 22 0 35 0 22 3 2 15
0 0 2 4 1 3 1 0 4 1 1 0 3 0 4 2 0 1 0 2 1 3
12 100 1 3 1 2 2 12 0 0 0 0 1 0 1 2 3
1 6 2 0 2 57 3 2 2 0 2 57 0 19 0 57 0 0 0 57 6 1 57 37 6 1 0 50 50 1 11 9 1 6 2 4 1 2 101 64 1
2 10 3 25 12 47 2 10 63 10 120 22 3 1 22 2 1 3 1 10 1 4 28 25 1 6 12 6 15
2 6 3 2 3 1 2 0 2 1 3 1 3 2 1 0 2 6 17 2 3 1
0 1 2 8 3 1 0 9 1 1 0 1 0 14 46 1 0 7 1 0 2 4 1 0 4 1 0 4 1 0 4 1 0 4 1 0 4 1 0 4 1 0 0 12 4 4 4 34 0 4 1 4 4 1 0 4 1 0 4 18 1 0 4 1 12 12 4 4 1 0 4 1 4 1 4 1 18 4 1 4 1 4 1 4 1 4 1 4 1 4 1 4 0 21 21 0 1 4 15 4 4 4 21 4 4 15 4 15 4 4 4 12 4 4 15 21 11 33 0
0 1 0 44 0 13 4 13 4 13 4 35 2 0 0
2 0 3 15 2 10 3 0 1 0 2 0 3 3 2 1 8 1 0 8 0 5 5 1 1
15 1 0 0 48 1 1 48 1 1 0 0 1 1 0 2 1 0 1 6 0 1 0 1 60 6 1 3 0 1
0 1 1 13 4 1 4 4 18 4 4 4 4 4 4 17 4 4 4 4 4 4 1 0 1 4 4 1 11 11 0 11 1 4 0 1 0 3 11 1 0 11 0 11 2 1 11 0 11 2 1 0 11 1 0 11 1 0 11 0 20 0 11 1 0 11 10 1 0 11 0 11 0 1 68 1 0 1 3 0 2 1 2 1 3 1 0 11 11 1 0 11 1 4 4 1 4 1 0 11 0 1 2 1 0 68 1 0 1 2 0 1 2 0 2 0 3 1 3 0 1 24 0 11 2 0 33 33 0 33 33 33 0 33 0 33 0 33 0 33 33 33 17 0 33 33 0 33 0 33 0 33 0 33 0 33 0 33 0 33 0 33 0 33 0 33 0 33 33 33 0 33 0 33 0
2 0 3 2 0 3 5 0 1 2 3 12 1 71 0 0 2 1 66 2 8 3 6 0 12 24 3 1 12 1 1 0 6 17 6 1 2 0 1 6 41 1 41 2 0 1 1 2 0 3 2 0 1 1 3 0 6 1 2 2 0 3 1 0 6 1 0 1 6 1 17 0 1 1 2 0 1 1 0 6 1 1 0 2 1 3 2 3 17
2 1 3 9 0 1 0 10 26 26 0 1 4 1 3 1 4 4 15 1 11 11 11 1 11 11 11 1 11 1 11 2 1 3 0 11 11 1 0 11 11 1 0 11 2 1 0 11 1 0 11 1 0 11 11 1 0 11 1 0 11 11 1 0 2 13 24 13 3 1 13 3 0 11 11 2 1 3 0 0 1 1 13 4 4 13 4 4 4 4 1 4 4 1 4 4 1 4 4 4 1 15 4 4 4 4 4 4 4 4 4 4 15 1 4 11 0 1 0 1 0 1 2 0 0 1 0 0 46 2 1 2 61 0 19 1 12 3 2 1 3 0 7 0
42 2 10 3 2 2 2 7
0 1 0 1 2 10 3 0 1 1 0 1 2 1 3 0 1 0 1 0 1 0 2 10 93 10 8 2 0 2 1 2 3 2 24 4 4 4 1 2 4 4 1 4 1 4 1 0 4 1 4 4 1 1 2 4 4 4 1 0 4 4 1 4 1 0 4 1 0 4 1 3 0 4 4 4 3 1 0 4 4 0 4 4 4 4 2 4 4 4 4 4 48 4 1 4 4 1 0 4 4 4 4 18 18 4 3 1 14 0 11 1 0 0 1 2 22 10 13 22 22 0 22 13 22 22 13 10 13 22 22 0 11 1 1 0 2 2 7 3 9 2 93 3 8 0 2 2 7 7 3 3 0 7 22 2 0 3 2 0 22 22 0 0 22 0 22 35 3 3 12 23 2 1 2 0 0 1 0 3 0 1 1 9 1 0 1 2 0 0 0 4 2 3 14 1 2 4 3 14 14 1 11 1 16 16 16 16 16 16 16 16 16 1 0 16 16 16 16 16 16 16 16 16 1 10 1 0 0 9 2 8 3 2 0 0 1 5 5 5 10 10 5 5 10 5 10 10 1 0 5 10 1 10 10 1 1 0 10 10 1 5 0 10 5 5 5 5 10 1 1 5 5 10 10 1 5 10 1 5 5 10 10 1 10 5 1 1 10 1 5 1 0 0 1 0 2 8 3 2 4 3 14 0 4 1 2 0 3 1 0 16 1 16 10 0 5 10 5 5 5 10 1 10 1 5 0 1 2 8 2 4 3 14 0 11 1 0 0 8 2 0 4 4 1 4 2 4 1 4 1 14 11 3 1 2 3 2 0 3 35 35 13 2 0 1 1 0 1 1 2 10 3 2 0 3 2 2 0 22 12 3 2 1 3 2 0 1 0 3 1 0 2 3 1 0 1 2 3 0 3 1 1 2 0 10 1 10 1 79 8 2 0 4 4 4 4 3 9 1 0 44 0 4 3 4 44 4 4 4 12 4 15 4 12 4 15 4 4 12 4 15 4 0 2 1 9 2 4 1 0 4 1 4 4 3 14 11 1 0 1 2 0 0 21 21 1 0 21 21 21 21 1 1 0 3 2 1 0 28 3 15 1 0 1 0 7 7 7 7 7 1
0 1 0 34 6 34 6 6 41 1 0 0 39 1 34 0 6 1 15 9
2 6
0 22 2 54 0 1 0 7 1 0 7 1 2 0 2 0 19 2 1 0
0 1 0 1 2 2 0 1 2 0 7 32 11 2 0 2 69 0 0 1 69 0 1 69 0 69 0 1 0 11 1 0 11 1 0 1 0 1 1 0 11 0 1 0 1 11 1 0 1 0 11 0 11 1 0 1 0 0 69 0 69 0 69 69 0 69 0 11 69 2 3 0 1 0 1 0 69 69 10 69 3 1 0 3 25 25 1 4 1
3 4 1 0 11 2 1 0 1 0 1 2 0 1 0 1 0 1
0 0 8 8 14 2 1 12 7 4 4 8 4 4 8 4 4 4 4 4 4 4 11 0 1 3
42 0 0 99 4 49 22 4 1 1 4 1 4 1 104 0 1 1 4 8 4 4 4 4 11 8 4 3 4 4 4 4 4 4 4 4 15 51
38 2 4 3 0 1 4 0 4 1 4 4 0 4 4 4 0 4 4 0 10 4 0 5 10 10 1 2 4 3 5 0 3 2 17 2 4 2 38 0 0 1 1 0
2 0 1 2 2 3 0 0 1 1 9 1 2 3 3 2 39 1 3 0 1 0 2 1 0 1 0 0 2 1 3 2 1 3 3 5 0 90 28 1 2 2 1 3 3 2 0 3 0 5 10 10 0 1 2 8 3 1 0 16 16 16 16 16 16 1 0 5 5 1 1 0 9 2 8 3 1 0 2 12 7 15 3 1 12 0 0 5 5 1 2 2 0 1 1 3 2 1 3 0 5 5 5 5 5 5 5 5 1 12 5 5 1 7 1 0 7 1 0 1 2 3 2 7 6 3 1 1 0 12 4 1 0 4 1 0 4 4 1 0 15 10 0 8 2 8 0 5 5 5 5 1 1 11 33 2 0 1 1 0 0 1 0 3 2 1 3 0 0 5 5 5 5 1 2 11 0 1 3 2 0 3 1 2 0 0 1 1 3 0 3 1 2 1 11 2 0 3 50 1 2 0 3 2 1 0 67 0 0 67 67 0 0 3 67 3 2 1 3 0 2 8 3 12 4 3 0 7 1 0 4 1 0 4 1 12 4 1 0 4 1 15 9 0 11 0 2 12 7 15 12 15 0 7 58 7 58 1 3 1 0 11 33 0 1 2 0 3 1 2 0 3 1 38 0 2 0 0 0 0 1 1 1 0 0 3 1 2 1 0 9 9 9 1 17 0 7 2 12 7 15 3 1 12 0 1 0 7 1 0 11 1 11 1 33 0 2 1 3 2 0 3 1 0 2 7 7 14 3 2 28 2 0 3 0 1 1 3 9 0 7 1 0 17 7 1 3 0 1 2 8 0 31 6 1 0 6 0 20 0 50 50 50 1 0 6 1 17 0 0 7 1 2 0 3 1 0 6 1 0 6 1 0 6 19 39 1 17 0 1 0 6 17 0 7 48 1 0 0 0 7 1 0 1 0 1 0 60 5 5 6 5 6 5 6 1 0 7 1 0 6 1 7 0 1 2 0 19 7 19 7 19 0 6 7 1 0 6 6 6 6 6 6 0 0 19 7 1 6 19 7 1 0 6 1 0 1 2 0 3 1 0 0 7 1 1 0 6 6 6 6 0 19 39 1 0 0 6 1 0 1 1 0 4 1 0 4 1 0 4 1 0 4 12 4 4 4 1 4 1 0 4 1 18 4 0 4 4 1 18 4 1 0 4 1 15 2 8 3 11 0 6 17 1 17 0 1 0 2 7 1 58 1 0 6 1 0 19 39 1 17 0 6 0 7 19 19 7 1 6 1 17 17 17 17 0 6 6 6 1 17 0 2 1 3 0 3 2 9 1 3 0 6 6 55 6 6 6 0 19 39 1 0 19 7 19 7 1 6 6 1 0 6 6 0 6 6 0 19 39 1 0 6 0 7 1 6 0 0 7 7 19 7 1 6 6 6 1 0 6 6 0 19 39 1 0 6 6 6 15 6 6 0 19 39 1 6 0 19 7 1 6 6 0 1 0 1 6 19 7 19 7 19 7 1 0 19 7 19 7 19 7 7 1 1 1 15 0 19 1 12 4 1 15 0 1
2 0 1 0 0 24 1 58 1 0 0 1 1 1 0 0 1 0 9 1 0 1 2 2 0 3 3 1 0 1 2 0 1 0 0 2 10 2 8 3 2 4 30 3 0 9 5 5 5 5 43 0 2 8 3 10 2 8 3 2 4 3 1 1 2 9 9 2 24 3 1 70 0 11 1 0 1 2 0 0 2 1 2 1 0 3 1 0 0 2 0 0 1 8 2 1 0 5 16 5 16 1 0 2 8 3 1 1 1 0 2 24 2 24 3 34 3 1 70 2 0 10 3 1 9 0 5 5 5 5 5 5 5 0 2 8 3 0 2 8 3 2 0 1 2 0 0 1 1 2 30 7 3 1 70 1 25 2 1 3 9 0 2 1 3 96 96 96 9 79 70 9 2 0 6 6 9 34 6 2 0 1 34 6 6 70 0 95 1 15 2 2 38 0 0 0 3 1 9 9 1 1 70 2 0 0 7 14 1 9 1 1 2 0 1 1 0 7 7 1 50 1 0 5 70 7 3 41 2 1 3 0 3 9 1 0 30 0 1 1 81 0 5 0 70 9 0 95 1 0 6 43 0 1 6 0 1 3 1 6 81 6 0 34 5 5 1 0 1 34 6 71 0 2 45 1 3 1 1 0 0 34 19 1 19 1 1 1 0 9 81 9 9 1 6 6 6 0 7 1 0 7 1 0 7 1 34 6 45 0 9 9 1 71 34 71 34 87 6 6 81 34 2 38 0 3 34 87 15 0 9 7 7 1 34 6 14 6 6 45 87 34 6 71 15 3 0 1 0 1 0 1 1 0 7 7 1 1 20 0 2 0 3
42 1 2 1 1 35 2 35 35 35 3 3 3 2 0 77 3 12 12 3 8 0 2 4 4 4 4 12 4 4 15 21 1 4
42 2 2 1 3 59 2 4 13 0 0 5 8 0 5 5 1 1 2 0 0 2 0 2 0 19 2 19 116 15 1 2 1 3 0 0
2 0 0 2 4 1 0 2 1 0 1 0 3
1 1 3 2 12 3 14 2 7 12 24 15 3 2 1 0 3 1 0 2 24 3 14 1 2 7 2 7 1 3 2 1 3 24 15 3 2 1 0 0 0 3 1 2 0 3 9 1 0 0 1 2 1 3 2 0 12 0 36 4 36 1 2 12 5 1 5 1 3 5 20 0 7 1 9 2 64 1 3 1 0 2 1 1 0 1 3 0 0 0 0 0 1 0 0 4 1 0 4 4 1 0 4 1 0 4 1 0 4 1 0 4 1 0 4 0 0 1 4 4 1 0 4 1 0 0 1 0 4 1 0 1 4 1 4 4 1 4 1 4 4 1 4 1 4 1 4 1 4 4 1 1 4 1 4 1 4 4 4 22 7 12 4 1 4 4 4 11 0 11 11 1 15 1 1 12 4 15 4 11
2 1 3 1 12 4 15 11
2 10 2 10 72 10 2 22 50 2 7 3 1 47 2 10
0 1 2 0 1 0 1 1 1 0 1 2 1 3 2 0 3 1 0 4 2 3 1 0 4 4 2 1 0 0 4 4 9 1 3 0 0 4 4 4 4 4 4 4 1 0 4 4 4 4 1 1 4 4 4 4 4 4
0 18 4 4 4 0 4 7 57 1 12 4 2 1 3 0 48 4 4 4 1 3 0 4 1 2 1 3 4 0 4 2 1 3 3 0 2 2 1 0 2 0 2 11 2 0 1 0 1 0 1 3 2 1 3 9 1
2 3 17 2 0 1
0 1 0 2 10 0 6 6 6 6 6 6 1 3 1 1
0 0 1 1 0 1 1 0 1 1 1 2
2 0 9 0 1 3 1 0 1 2 1 0 0 1 1 0 2 9 1 0 1 0 1 0 0 0 1 0 0 11 11 2 1 0 11 1 0 0 2 1 1 1 1 2 1 3 3 3 3 2 0 1 3 9 9 0 2 15 7 3 3 1 12 0 2 1 3 0 33 2 0 3 1 9 16 16 16 16 16 1 5 5 1 0 2 1 3 0 1 11 0 9 0 2 8 0 11 2 3 11 12 2 0 3 1 0 7 7 1 0 2 0 3 2 7 7 1 1 0 7 1 8 0 2 8 3 11 2 0 3 9 9 9 1 2 0 0 1 5 5 1 0 1 46 1 1 0 80 9 11 1 2 0 3 1 0 2 12 7 15 1 0 2 0 2 8 3 0 4 4 15 1 11 17 0 1 17 1 8 11 33 0 33 2 0 1 0 6 1 17 9 17 2 2 3 0 0 12 1 2 3 2 0 32 32 32 32 32 32 32 32 32 32 32 47 1 0 20 1 17 0 17 13 13 13 13 13 13 1 17 15 0 0 48 1 7 1 0 1 0 0 9 1 4 1 4 3 0 2 7 3 1 0 2 30 3 1 0 6
2 2 0 0 1 0 1 3 0 1 2 1 3 12 1 1 2 0 0 3 0 1 2 0 1 0 2 0 2 1 1 2 1 3 0 1 0 0 2 1 0 0 0 16 5 0 8 0 2 1 3 0 16 5 4 4 1 3 1 5 2 4 3 3 0 1 12 9 1 0 2 7 0 1 3 1 0 5 1 0 65 0 0 1 1 1 2 0 3 9 0 0 0 0 0 1 8 4 1 1 2 4 0 11 0 9 1 73 81 2 0 0 2 6 1 0 1 3 2 1 3 0 5 1 9 4 9 1 0 7 17 1 1 73 17 6 1 0 5 0 1 1 1 0 6 0 0 2 0 1 6 0 1 1 0 6 73 1 4 3 0 0 1 0 1 0 1 3 1 9 0 1 6 0 7 0 7 6 1 3 0 2 4 4 0 4 2 4 4 3 1 9 2 4 2 4 3 2 1 3 0 4 3 0 11 1 0 6 41 0 13 9 9 0 1 1 2 0 1 0 1 2 0 1 0 3 1 6 0 1 0 6 6 1 0 2 1 3 1 6 0 6 0 1 0 1 0 6 19 6 1 2 2 0 1 3 0 2 0 1 3 0 6 0 1 0 2 0 1 3 1 0 6 19 0 19 1 15 0 0 48 1 1 1 1 12 0 1 0 7 6 1 6 0 1 6 1 0 1 2 0 0 1 0 1 1 0 1 0 1 0 1 0 1
15 2 0 1 3 2 9 0 3 1 10 2 2 1 10 0 5 5 2 1 0 5 5 2 1 1 5 1 5 1 3 5 1 1 3 1 3 1 1 3 2 1 3 0 2 1 1 3 12 4 15 0 0 1 1 52 0 4 0 4 1 12 4 15 1 0 52 0 4 4 1 12 4 15 1 0 4 4 52 15 1 0 4 1 9
2 6 1 3 2 0 3 1
12 0 1 2 0 1 1 7 0 2 7 6 3 1 0 1 2 0 1 2 0 2 0 3 2 1 3 2 0 0 1 1 1 14 0 22 14 14 97 97 97 97 14 1 3 9 22 0 74 74 1 2 12 9 17 9 0 2 1 1 3 2 9 3 0 2 0 2 1 3 1 3 0 0 4 1 1 1 2 8 3 1 2 4 0 4 1 1 4 0 4 4 1 0 4 1 0 4 1 0 4 1 0 4 1 0 4 1 0 4 1 0 9 0 4 1 1 0 18 4 1 0 1 4 1 2 4 4 3 1 2 4 1 2 4 1 4 4 1 4 1 0 4 1 0 4 1 0 4 1 4 1 4 14 0 11 2 3 0 0 18 4 4 1 0 5 2 4 4 4 3 1 2 4 4 1 1 9 1 0 4 4 1 14 11 1 0 0 0 0 0 9 1 1 4 0 0 8 3 2 4 3 0 1 0 4 4 4 1 0 4 4 4 1 0 4 0 4 1 2 4 3 0 11 2 3 15 1 0 4 1 0 4 1 2 4 4 1 0 4 1 4 3 1 0 11 1 2 0 3 9 2 2 0 7 0 7 0 7 0 7 6 3 6 1 3 0 1 0 0 1 1 0 3 0 1 1 1 0 0 7 7 1 1 1 2 3 0 2 8 3
42 1 3 8 55 4 13 1 2 0 37 0 0 0 5 21 8 13 4 0 4 0 7 8 1
2 0 1 2 0 3 0 2 7 20 7 20 7 20 7 20 1 2 0 7 1 2 0 7 64 0 19 19 19 1 0 0 1 2 7 1 1 29 1 0 2 7 1 1 0 7 3 1 0 2 12 24 15 3 1 0 1 0 79 12 96 0 20 2 12 15 20 3 7 6 6 7 6 7 6 1 2 0 0 7 1 1 61 0 1 1 3 6 7 6 6 0 7 6 0 7 6 40 9 40 1 6 7 6 0 7 1 6 40 6 40 0 0 0 9 40 9 40 40 40 40 40 0 40 40 0 1 9
2 0 3 2 0 3 2 0 0 5 2 3 2 0 0 3 2 0 3 2 2 0 5 2 0 0 2 5 2 1 3 0 0 10 4 3 0 2 4 3 11 0 2 0 22 1 4 11 7 3 1 2 2 0 5 8 1 21 6 22 0 1 3 23
75 75 9 75 9 75 2 64
0 1 2 2 0 0 4
0 10 10 0 22 2 4 3 10 10 10 22 2 4 3 0 1 5 0 5 5 5 2 4 3 2 0 0 0 3 1 4 3 5 5 5 5 0 4 1 2 4 1 0 12 1 2 0 1 3 0 1 3 22 0 1 3 3 22 0 0 22 0 4 10 1 0 0 22 22 6 0 0 22 1 6 1 6 1 1 1 6 0 6 0 1 6 6 0 1 0 2 4 0 22 0 4 4 4 10 22 2 4 10 0 10 6 0 1 2 4 6 4 4 0 1 17 0 0 4 2 4 4 0 1 4 10 6 0 0 1 1 6 0 1 6 28 1 2 22 1 3 0 2 22 3 0 0 22 22 1 0 1 22 1 4 22 0 10 10 6 0 4 0 4 1 4 4 2 2 1 3 2 4 1 0 33 4 0 6 0 1 1 1 0 6 4 1
42 2 0 0 0 0 2 0 0 2 1 1 3 8 12 0 0 2 38 0 1 0 1 55 4 0 4 4 0 0 4 4 4 0 5 5 5 0 4 4 13 0 13 4 0 4 1 4 1 1 4 1 1 4 0 0 0 0 4 13 1 0 0 1 0 1 0 4 2 2 0 0 2 4 1 0 4 13 1 2 0 1 2 1 3 12 3 0 0 5 5 1 0 4 5 8 1 0 4 8 5 1 0 5 22 0 5 113 1 0 4 5 10 10 1 5 22 1 5 0 22 0 5 5 51 5 8 4 0 8 55 4 86 4 4 8 1 0 3 4 0 3 2 1 3 0 0 55 4 38 0 9 1 1 5 5 5 8 5 5 5 51 2 2 0 20 20 3 1 2 0 3 2 1 3 12 0 1 0 23 23 0 0 1 23 0 23 0 0 8 86 4 4 0 2 0 1 1 21 1 21 1 21 45 1 1 55 4 4 2 0 1 0 1 0 3 12 2 0 0 7 7 6 6 23 25 6 2 2 0 2 2 0 7 6 6 7 1 25 6 3 2 1 3 4 9 0 1 7 1 1 55 4 2 1 4 2 3 20 0 55 4 5 10 4 4 3 0 1 2 20 3 5 1 3 12 15 2 0 9 12 51 2 1 6 1 0 8 0 8 2 4 86 0 4 2
0 2 4 1 4 2 4 3 4 4 3 12 13 0 2 4 4 2 4 4 4 3 2 10 8 2 4 4 3
0 0 1 2 1 0 4 1 4 0 4 0 4 1 0 4 0 0 0 9 4 0 4 4 1 0 4 1 1 0 0 4 4 1 0 0 4 4 4 1 4 1 4 18 12 4 15 4 12 4 4 2 1 2 0 4 4 1 0 4 3 4 2 4 1 0 4 0 4 4 1 4 1 0 4 1 0 4 1 0 4 1 0 4 1 0 4 1 0 4 1 0 4 1 4 1 0 4 4 4 4 15 4 4 15 4 4 4 15 4 4 8 4 2 3 1 3 3 0 11
0 4 4 2 0 3 7 0 1 12 2 0 2 1 8 8 8 1 6 2 0 3 0 1 6 1 0 1 1 3 2 1 0 8 10 6
0 2 0 4 2 3 11 2 1 3 0 0 2 0 4 2 3 1 0 0 1 0 2 4 4 1 3 0 2 2 0 4 3 0 1 11
1 2 0 22 48 22 0 1 2 0 3 2 2 0 0 1 1 1 4 0 74 1 3 1 0 3 0 1 2 1 3 3 1 0 1 13 0 4 4 2 4 3 1 0 1 2 0 0 2 1 0 4 3 0 11 1
12 4 15 0 1 2 0 0 1 3 3 2 16 9 1 9 2 0 1 0 1 2 1 3 0 1 8 41 12 12 4 15 2 0 3 1 2 2 2 0 3 3 3 2 1 3 0 9 1 2 0 20 0 1 2 2 0 0 0 0 0 0 0 0 0 0 0 0 0 0 0 0 63 63 63 63 20 1 1 20 0 0 1 1 0 1 12 4 4 15 1 12 4 15 2 2 0 1 0 3 3 0 1 0 5 9 5 5 9 9 5 5 5 0 1 1 0 1 0 1 12 4 15 0 1 0 1 2 1 1 3 1 0 37 1 9 12 4 15 0 1 2 0 1 12 15 4 2 0 2 7 1 2 30 3 9 0 37 20 12 4 15 20 0 1 12 4 15 0 50 1 20 20 20 12 4 15 0 4 20 20 20 0 37 37 1 2 0 12 4 15 1 12 20 0 4 4 4 21 4 55 21 21 21 55 1 2 0 20 31 0 1 2 1 0 20 12 4 0 12 4 15 5 5 0 0 0 2 0 0 1 37 37 1 1 0 1 0 0 7 0 3 1 0 6 6 0 6 6 39 1 12 4 12 4 15 0 1 0 1 0 0 7 0 3 1 0 1 0 0 12 64 6 6 6 32 15 65 6 6 6 6 6 50 6 6 6 6 32 6 6 1 0 37 1 6 6 1 2 0 1 0 1 1 0 6 1 15 0 1 9 12 4 15 0 9 9 9 9 9 9 9 9 1 9 1 1 9 0 1 2 0 2 0 20 1 2 1 0 4 1 0 7 7 7 0 1 1 0 7 7 3 1 0 22 0 3 28 2 1 3 0 0 0 2 7 7 7 7 7 7 7 7 7 0 7 1 1 0 4 4 2 1 3 4 4 58 1 0 12 4 1 9 0 1 51
0 1 12 4 1 4 15 0 1 1 52 4 1 1 12 4 15 1 1 0 0 4 52 0 4 4 1 1 12 12 4 4 15 15 1 0 52 1 1 52 0 4 0 4 1 12 4 15 1 0 12 52 4 15 4 4 1 12 4 15 1 0 52 0 4 4 1 12 4 15 1 0 52 4 4 4 52 4 8 4 1 4 15 0 4 1
2 4 4 4 4 2 4 4 3 0 1 13 0 2 13 11 1 18 18 2 3 1 7 1 1 1 2 1
0 1 0 46 1 3 2 1 3 0 46 0 0 7 2 4 4 4 13 0 4 4 3 11 0 2 0 7 58 1 1 0
2 1 0 34 6 6 6 6 6 0 1 1
1 1 24 7 1 24 1 2 0 20 0 2 7 3 2 1 3 0 24 0 1
0 12 4 0 11 1 8 2 0 1 1 3 2 10 2 24 35 24 1 41 41 3 3 0 0 1 1 20 2 1 0 2 0 7 1 0 31 0 1 0 3 2 6 1 1 1 3 2 0 0 3 82 4 1 0 4 1 4 3 4 4 0 5 0 2 7 30 1 4 1 20 0 42
6 1 2 0 3 1 6 1 2 1
12 1 0 2 2 7 1 3 2 1 3 2 23 3 3 9 12 4 15 12 24 15 4 15 14 11 0
42 0 2 15 0 3 0 1 15 0 0 1 12 2 0 1 17 2 0 1 2 0 5 0 1 1 2 7 51
15 0 62 2 0 2 54 0 1 45 13 13 13 13 13 13 1 0 2 1 3 41 2 0 1 2 0 2 10 10 2 2 8 3 3 1 21 3 2 2 1 0 2 21 3 1 3 2 0 6 34 6 6 1
2 1 6 1 3
85 1 12 9 4 3 62 12 53 15 1 7 12 5 1 5 1 1 5 1 1 8 70 12 12 12 15 1 70 2 0 1 1 8 1 1 7 14 6 7 47 0 4 45 14 38 5 1 70 1 10 15 7 1 10 4 3 9 5 15 5 5 0 4 1 10 4 1 4 12 6 0 4 1 1 1 4 1 7 1 2 4 53 1 4 4 1 6 15 15 4 1 4 1 1 1 9 12 4 4 1 4 4 8 53 1 4 1 53 7 1 53 12 53 7 4 4 1 4 15 74 4 4 4 15
2 0 3 1 0 1 2 0 3 1 2 2 0 0 3 1 2 3 9 12 12 0 1 71 9
13 0 1 0 1 9 15
0 1 2 0 2 1 1 3
0 7 1 0 9 0 1 2 0 32 32 32 32 32 32 32 2 0 7 9 7 1 0 6 20 9 2 54 3 0 1 0 0 0 4 11 0 1 1 0 1 2 2 0 3 1 54 2 2 1 3 2 54 16 0 16 0 16 61 0 0 1 0 76 26 50 5 5 5 0 1 5 5 5 50 5 26 5 5 5 5 5 26 5 1 20 29 43 29 1 0 76 1 0 7 1 9 20 0 0 0 0 0 0 0 0 56 22 0 56 22 0 56 22 0 56 22 0 56 56 22 22 0 0 56 22 0 1 4 11 29 26 29 43 29 43 29 7 9 0 0 9 1 5 5 5 5 10 1 10 32 32 32 32 32 32 32 20 2 0 1 2 2 0 1 2 0 5 68 54 5 22 22 5 5 0 4 68 5 22 68 5 5 22 5 1 2 2 1 3 3 29 7 92 76 7 2 1 3 1 3 9 0 5 5 2 0 2 0 2 19 3 22 2 0 2 7 3 1 2 0 0 7 3 1 0 115 1 0 1 7 3 0 5 5 16 16 0 5 22 5 5 22 6 0 29 0 90 0 91 1 0 1 29 21 0 0 22 0 0 22 22 1 0 22 10 10 1 1 0 1 0 1 0 1 0 1 0 0 21 21 22 22 0 21 22 0 0 21 22 0 0 1 54 1 1 9 6 0 1 0 1 0 1 0 22 2 3 2 0 2 1 1 0 3 2 9 2 12 22 3 0 2 0 54 1 1 2 1 3
2 0 1 2 0 2 0 1 2 0 2 2 9 2 1 1 1 2 7 1 2 1 3
2 1 1 15 0 6 0 19 55 19 1 0 19 19 1 0 1 12 1 4 15 7 0 1 24 4 15 7 0 4 1 0 4 1 0 4 4 1 1 7 0 4 1 7 1 12 4 4 4 4 1 4 0 18 1 1 12 4 4 4 9 15 4 1 11 1 0 1 0 2 1 3 0 3
0 1 4 4 4 4 4 0 6 6 0 1 22 6 6
0 5 5 10 1 17 4 22 4 1 2 3 0 0 56 0 56 56 5 1 0 10 56 10 10 20 10 10 22 2 4 3 2 0 22 2 1 0 1 38 38 2 12 17 2 0 0 10 10 1 22 3 1 0 22 0 22 5 17 5 5 0 22 5 22 5 22 0 22 0 22 0 4 2 3 6 1 1 6 2 4 1 6 20 3 2 6 4 0 1 0 4 4 2 1 6 1 1 6 1 1 6 2 2 4 3 6 1 1 1 10 22 0 2 1 4 22 1 4 4 2 0 4 2 0 2 0 0 6 0 31 1 22 31 31 22 2 4 3 6 17 6 0 31 22 2 4 6 20 6 31 22 2 4 3 4 6 33 1 2 4 3 1 0 2 4 0 22 4 2 4 0 4 1 0 4 0 4 0 4 2 0 0 1 3 4 1 4 2 4 4 2 1 22 2 4 4 1 2 4 0 1 3
0 2 0 1 2 1 2 1 2 3 41 41 1 2 0 0 0 2 0 2 3 0 1 2 0 3 2 1 2 67 3 1 3 2 0 0 2 0 0 26 26 1 1 0 1
0 1
0 22 0 48 4 4 4 4 48 4 4 11 1 12 0 71 7 2 0 121 1 5 16 16 1 5 1 2 2 2 0 6 2 0 2 2 0 3 3 2 0 1 5 5 5 5 5 5 5 6 1 1 6 1 0 54 5 1 5 1 6 54 5 5 5 0 2 2 1 3 1 6 8 2 0 2 22 2 22 0 24 12 6 0 22 2 5 0 5 0 5 5 5 5 5 50 5 6 0 1 16 1 4 4 11 12
2 15 0 0 1 0 1 0 1 3 1 0 36 8 0 5 5 5 9 0 1 0 1 0 1 1
0 73 0 1 1 2 0 0 0 2 1 3 13 2 6 3
4 4 2 4 3 0 2 4 4 4 4 4 3 0 2 4 4 2 4 4 4 3 0 1 12 13 0 1 2 0 3 2 1 5 0 1 2 3 0 12 4 4 4 4 4 3 0 2 10 8 8 2 4 4 4 4 2 0 79 2 0 2 7 7 2 3 28 37 23 23 23 23 23 23 2 15 2 18 18 96 2 69 3 3 0 2 1 22 22 3 2 3 2 3 7 7 1 3 0 2 7 2 2 7 0 31 8 31 7 7 3 0 1 6 14 0 1 6 6 6 4 12 12 4 15 4 4 3 6 6 6 0 2 0 22 22 6 14 0 1 13 15 18 2 7 0 60 2 0 3 7 3 2 3
6 3 15 2 6 1 3 1 3
2 0 1 3 0 1 12 0 48 1 1 0 1 2 0 1 9 5 5 0 61 5 1 5 1 0 1 5 5 5 1 0 1 5 1 0 1 1 0 1 5 5 0 1 1 5 5 5 5 5 5 5 5 5 1 1 0 0 1 1 1 1 0 0 1 5 1 5 5 5 5 5 1 0 1 1
0 46 1 3 2 1 3 0 1 0 46 1 2 0 1 0 0 1 2 0 0 3 3 0 1 1 0 0 1 1 9 0 10 10 1 2 1 3 0 12 4 0 1 4 0 1 4 4 1 1 0 4 1 1 0 0 4 4 4 1 15 1 21 21 1 0 5 5 5 5 0 7 9 7 9 1 9 9 1 7 5 5 7 1 1 0 12 4 15 0 5 1 1 11 2 0 3 0 9 37 37 37 10 1 8 0 12 4 15 2 0 43 2 3 3 1 12 4 4 15 11 1 0 5 5 5 7 1 0 2 1 7 0 1 3 2 1 3 0 2 1 1 1 1 1 1 1 1 1 1 1 0 3 11 0 2 1 1 3 5 5 7 1 11 1 2 7 3 1 2 0 3 0 2 7 3 1 0 30 3 1 0 6 6 1 11 33 9 0 3 1 2 1 3 0 12 21 15 7 1 12 15 0 4 1 0 4 1 0 4 1 0 4 4 1 0 4 1 0 4 1 0 4 12 4 0 4 1 0 4 4 1 0 4 4 1 0 4 1 0 4 1 0 4 4 0 4 1 0 0 4 1 0 4 4 0 4 4 15 4 4 4 4 2 8 3 12 4 4 4 15 21 1 11 33 33 8 2 3 0 2 0 7 58 1 1 11
0 1 12 0 1 2 0 0 1 2 3 0 1 1 2 0 1 3 3 0 1 2 0 1 3 2 0 1 1 0 8 2 0 1 0 1 0 1 1 0 1 0 1 0 2 1 3 0 1 0 1 2 2 0 2 0 1 23 9 37 1 2 0 0 5 1 1 3 2 1 0 3 1 0 4 4 4 4 3 0 0 1 1 0 13 1 1 1 3 1 0 1 3 0 0 5 1 48 0 0 5 0 5 0 5 0 5 0 5 22 0 0 1 0 13 0 1 9 23 0 15 1 0 16 0 3 0 1 16 16 16 1 5 5 5 0 1 1 4 0 1 0 1 1 0 1 3 1 3 1 2 1 3 0 6 1 0 1 2 0 1 0 1 2 1 3 2 4 4 4 3 1 4 0 1 2 0 1 0 1 3 0 8 12 4 15 11 1
42 12 1 0 2 1 7 1 9 1 1 0 4 2 2 35 3 2 2 9 9 0 1 0 4 1 4 1 1 0 9 73 1 9 0 4 1 1 3 0 4 1 3 0 1 9 1 2 1 1 3 0 4 8 3 2 3 2 1 1 3 4 8 4 8 55 4 86 0 55 91 21 4 4 55 91 21 4 4 4 55 91 21 44 4 4 55 91 21 1 4 4 4 55 91 21 4 4 4 4 15 21 4 8 8 12 21 1 0 4 2 3 0 0 1 1 0
0 2 1 12 0 0 16 0 5 12 0 1 0 16 5 6 0 1 4 11 2 0 8 6
42 2 2 0
2 0 1 1 0 7 1 3 0 22 0 36 22 1 0 1 0 4 1 1 1 3 1 13
42 2 2 2 10 10 10 10 10 1 10 10 10 10 10 10 4 10 1 10 10 10 3 1 10 10 1 10 10 10 2 1 1 0 1 1 0 1 22 0 1 22 0 1 0 1 1 1 0 22 0 1 1 1 2 1 1 1 1 1 3 0 1 2 1 1 0 4 1 1 3 3 0 4 2 1 1 1 2 1 3 0 2 0 2 0 2 0 2 0 19 1 19 1 2 0 14 7 2 0 19 3 7 19 7 7 6 12 23 3 2 0 1 0 2 7 19 19 3 2 1 0 2 7 1 3 19 6 2 0 0 55 1 2 19 3 74 1 12 17 2 1 3 4 2 0 2 7 3 21 8 9 59 0 31 61 22 4 4 12 4 4 15 0 4 17 6 6 14 2 1 0 7 3 1 2 3 2 0 3 2 0 2 19 1 6 2 7 3 2 1 3 2 0 35 17 20 3 6 2 6 7 6 7 3 1 12 6 6 2 2 0 9 7 35 6 20 0 0 7 6 6 65 7 7 1 17 35 35 1 13 4 2 2 0 3 2 17 0 3 2 0 5 0 5 2 7 7 2 0 1 1 1 4 3 2 0 3 28 2 0 22 2 3 3 1 8 32 23 12 2 0 1 0 8 2 1 3 0 2 20 1 12 2 0 2 0 0 1 2 1 3 2 1 3 12 1 2 6 6 39 2 0 20 12 32 3 0 0 8 2 1 3 2 1 3 6 0 1 32 1 1 2 0 3 2 77 2 0 0 1 1 0 3 0 0 0 22 1 4 15 0
42 2 15 10 3 51
