0
1
1
2
2
8
8
8
8
8
3
1
1
1
0
0
0
9
9
9
9
9
9
9
9
9
1
1
1
1
0
0
0
1
1
0
0
0
0
0
14
14
14
46
46
46
46
46
46
46
46
1
1
0
7
7
7
1
1
0
0
2
2
2
4
4
4
4
4
1
1
0
4
4
4
1
0
0
4
4
4
4
4
4
1
1
0
4
4
4
4
4
4
4
4
1
1
1
0
4
4
4
4
4
4
4
4
4
4
4
4
4
1
0
0
4
4
4
4
4
4
4
1
1
0
4
4
4
4
1
1
0
0
0
0
12
4
4
4
4
4
4
4
4
4
4
4
4
4
4
4
4
4
34
34
0
0
0
4
4
4
1
1
4
4
4
4
4
4
4
4
4
4
4
4
4
1
0
0
4
4
4
4
4
4
4
4
4
4
1
1
0
0
0
0
4
4
4
4
4
4
4
4
4
4
4
4
4
4
4
4
4
4
4
18
18
1
1
0
0
4
4
4
4
4
4
4
4
4
4
1
12
12
12
12
12
4
4
4
4
4
4
4
4
4
4
4
4
4
4
4
4
4
4
4
4
4
4
4
4
4
4
4
1
1
0
0
0
0
4
4
4
4
4
4
1
1
4
4
4
4
4
4
4
4
4
4
4
4
4
4
4
1
1
4
4
4
4
4
4
4
4
4
4
4
4
4
4
4
4
1
1
18
18
4
4
4
4
4
4
4
4
4
4
1
1
1
1
4
4
4
4
4
4
4
4
4
1
1
1
1
4
4
4
4
4
4
4
4
4
1
1
4
4
4
4
4
4
1
1
4
4
4
4
4
4
1
1
4
4
4
4
4
1
1
4
4
1
4
4
0
21
21
21
21
21
21
21
21
21
21
21
21
21
21
21
21
21
21
21
21
21
0
1
4
4
15
4
4
4
4
4
4
4
4
4
4
4
4
4
4
4
4
4
4
4
4
4
4
21
21
21
4
4
4
4
4
4
4
4
4
4
4
4
4
4
15
15
4
4
4
15
15
4
4
4
4
4
4
4
4
4
4
4
4
4
4
4
4
4
4
4
4
4
4
4
4
4
4
4
4
4
4
4
4
4
4
4
4
4
4
4
4
4
4
4
4
4
4
4
4
4
4
4
12
12
4
4
4
4
4
4
4
4
4
4
4
4
4
4
4
4
4
4
4
4
4
4
4
4
15
15
21
21
21
21
11
11
11
11
11
33
33
33
33
33
33
0
0
