0
0
1
2
8
3
1
1
0
0
0
7
7
7
1
1
0
4
4
4
4
4
4
4
1
0
0
4
4
4
4
1
0
0
12
4
4
15
4
4
4
4
4
4
4
4
4
4
4
4
4
4
4
4
4
1
1
0
4
4
4
4
4
4
4
4
4
4
4
4
4
4
1
1
0
0
4
4
4
4
4
4
4
4
4
4
4
4
4
1
1
1
1
0
0
0
4
4
4
1
0
0
4
4
4
1
18
18
4
4
4
4
4
4
4
4
4
4
4
4
4
4
4
4
4
4
4
4
4
4
4
1
4
4
4
4
4
4
4
4
4
18
18
18
4
4
4
4
4
4
4
4
4
4
4
4
4
4
4
4
4
4
4
4
4
4
4
4
4
1
12
12
12
0
0
4
4
4
4
4
4
4
4
4
4
4
4
4
4
4
4
4
4
4
4
4
1
1
1
0
4
4
4
4
4
1
0
4
4
4
4
4
1
1
0
4
4
4
4
1
1
0
4
4
4
0
4
4
4
4
4
4
4
1
0
4
4
4
4
4
4
4
0
4
4
4
4
4
4
4
4
1
1
0
4
4
4
4
4
4
4
4
1
1
0
4
4
4
4
4
4
4
1
1
18
18
18
4
4
0
4
4
4
4
4
4
4
4
4
4
4
4
4
4
4
18
18
1
4
4
4
4
4
4
4
4
4
4
4
4
4
4
4
4
0
4
4
4
4
4
1
1
1
1
1
1
1
1
1
1
0
0
21
4
4
4
0
0
4
4
15
21
21
21
21
21
4
4
4
4
4
4
4
4
4
4
4
4
4
4
4
4
4
4
4
4
4
4
4
4
4
21
21
21
4
4
4
4
4
4
4
4
4
4
4
4
4
4
4
4
2
8
3
4
4
4
4
4
4
4
4
4
4
4
4
4
4
9
9
4
4
4
4
4
4
4
4
4
4
4
4
4
4
4
4
4
4
4
4
4
4
4
4
4
4
4
4
4
4
4
4
4
4
4
4
4
4
4
4
4
4
4
4
4
4
4
4
4
4
4
4
4
4
12
12
12
4
4
4
4
4
4
4
4
4
4
4
4
4
4
4
4
4
1
4
4
4
4
4
4
15
21
21
21
21
4
4
4
4
4
4
4
4
4
4
4
1
11
11
11
11
11
11
11
11
11
11
33
33
33
33
9
9
0
0
46
46
46
1
1
0
3
3
3
3
3
3
3
3
3
2
2
3
3
9
