0
0
2
8
8
8
8
8
8
8
8
8
3
1
1
0
0
21
21
2
2
4
4
4
0
0
7
7
7
21
21
21
21
0
0
4
4
4
4
4
4
0
4
4
4
4
4
4
4
1
0
4
4
4
4
4
4
4
4
4
4
4
4
4
1
0
2
2
4
4
4
4
4
4
4
4
4
4
4
4
4
4
4
4
4
4
1
1
0
4
4
4
4
4
4
1
1
0
0
4
4
4
4
4
4
4
4
4
4
4
4
4
4
4
4
4
4
4
0
0
0
1
1
1
1
18
18
18
4
4
4
4
4
4
4
4
4
4
4
4
4
4
4
4
4
4
4
4
1
1
0
0
0
4
4
4
4
4
4
4
4
4
4
4
1
1
0
0
4
4
4
4
4
4
4
4
4
4
4
1
1
1
0
0
0
4
4
4
1
2
2
4
4
4
4
4
4
4
4
4
4
4
4
4
4
4
4
4
4
4
4
4
4
4
4
4
1
0
0
4
4
4
4
4
4
4
4
4
4
4
4
4
4
4
4
4
4
1
0
0
1
1
0
4
4
4
4
4
4
4
4
4
4
4
4
4
4
4
4
1
1
1
1
18
18
18
18
18
18
18
4
4
4
4
4
4
4
4
4
4
4
4
4
4
4
4
4
17
17
4
4
4
4
4
4
4
4
4
4
4
4
4
4
4
4
4
4
4
4
4
4
4
4
4
4
4
4
4
4
4
4
4
4
4
4
4
4
4
4
4
1
1
1
0
0
4
4
4
4
4
0
1
1
4
4
4
4
1
0
4
4
4
4
4
4
4
4
1
1
1
0
4
4
4
4
4
4
4
4
4
4
4
4
4
4
4
1
1
1
0
0
0
21
21
21
21
21
21
21
21
0
21
21
21
21
21
21
21
21
21
4
4
4
4
4
21
21
21
4
4
4
4
4
4
4
4
4
4
4
4
4
4
21
21
21
4
4
4
4
4
4
4
4
4
4
4
4
4
4
4
4
4
4
4
2
2
8
3
3
3
4
4
4
4
4
4
4
4
4
4
4
4
4
4
4
4
4
4
4
4
4
4
4
4
4
4
4
4
4
4
4
4
4
4
4
4
4
4
4
4
4
4
4
4
2
2
4
4
4
4
4
4
3
3
21
21
4
4
4
4
4
4
4
4
4
4
4
4
4
4
21
21
21
21
1
1
0
0
11
11
11
11
11
1
1
1
9
9
0
0
0
0
0
0
0
2
2
2
1
1
0
0
3
3
3
0
0
0
2
1
1
1
1
1
3
3
0
0
7
7
7
7
7
1
1
58
58
58
58
58
58
3
3
3
