2
2
0
0
9
0
0
0
0
0
0
1
1
1
3
3
3
3
1
1
0
0
0
1
1
2
2
1
1
1
0
0
0
0
0
0
0
1
1
1
1
1
0
0
2
9
9
1
1
0
0
0
0
1
1
0
0
0
0
1
1
1
1
0
0
0
0
0
0
0
1
1
0
0
0
0
11
11
11
11
11
11
11
11
11
11
11
11
11
11
11
11
11
11
11
11
11
11
2
2
1
0
0
11
1
0
0
0
0
0
0
2
2
2
1
1
1
1
1
1
1
1
2
2
1
1
1
1
1
1
1
1
1
1
1
1
3
3
3
3
3
3
3
3
3
3
2
2
0
0
0
1
1
1
1
1
3
3
9
9
9
9
0
0
2
15
7
7
7
7
7
7
7
7
7
7
7
7
3
3
3
1
1
12
12
0
0
2
1
3
3
0
0
33
33
2
0
0
3
1
9
16
16
16
16
16
16
16
16
16
16
16
16
16
16
16
16
16
16
16
16
16
16
16
16
16
16
16
16
16
16
16
16
16
16
16
16
16
16
16
16
16
16
16
16
16
16
16
16
16
16
16
16
16
16
16
16
16
16
16
16
16
16
16
16
16
16
16
16
16
16
1
1
1
1
5
5
5
5
5
5
5
5
5
5
5
5
5
5
5
5
5
5
5
5
5
5
5
5
5
5
5
5
5
5
5
1
0
2
2
1
3
3
0
1
1
11
11
11
0
0
9
9
0
0
0
0
0
0
0
2
8
0
0
11
11
2
3
3
11
11
11
11
11
11
12
12
12
2
2
2
0
0
0
3
3
3
1
1
1
0
0
0
0
7
7
7
7
7
7
7
7
7
1
1
1
1
0
0
0
0
0
0
0
0
0
0
0
2
0
0
3
3
2
2
7
7
7
7
7
7
1
1
1
0
0
0
7
7
7
7
7
7
7
7
1
1
1
8
8
8
0
0
2
2
2
2
2
2
2
2
2
2
2
2
2
2
2
8
8
8
3
3
11
11
11
2
2
0
0
3
3
9
9
9
9
1
2
2
0
0
0
0
1
5
5
5
5
5
5
5
5
5
5
5
5
1
1
0
1
1
1
46
46
1
1
1
1
0
0
0
80
80
80
9
9
11
11
11
1
1
1
2
2
0
0
3
1
1
0
0
2
2
2
12
12
12
7
7
7
7
7
7
7
7
7
7
7
7
7
7
15
15
1
1
1
0
0
0
0
0
2
2
2
2
2
2
2
2
0
0
0
2
2
8
3
3
0
0
4
4
4
4
4
4
4
4
4
4
4
4
4
4
4
4
4
4
4
4
4
4
4
4
4
4
4
4
4
4
4
4
4
4
4
4
4
4
4
15
1
1
11
11
17
0
0
1
1
1
1
1
1
1
1
1
17
17
1
1
1
1
1
8
8
8
11
11
11
11
11
11
11
11
11
11
33
0
0
0
0
0
33
33
2
0
0
0
1
1
0
6
6
6
6
6
6
6
6
1
17
17
9
9
9
9
17
17
2
2
2
2
2
2
2
3
3
0
0
0
0
0
12
12
12
12
12
12
12
12
12
12
1
1
1
2
2
2
3
2
2
0
32
32
32
32
32
32
32
32
32
32
32
32
32
32
32
32
32
32
32
32
32
32
32
32
32
32
32
32
32
32
47
47
47
47
47
47
47
47
47
47
47
47
47
47
47
47
47
47
47
47
47
47
47
1
1
0
20
20
20
1
1
17
17
17
0
0
17
17
13
13
13
13
13
13
13
13
13
13
13
13
13
13
13
13
13
13
13
13
13
13
13
13
13
13
13
13
13
13
13
13
13
13
13
13
13
13
13
13
1
1
17
17
15
15
0
0
0
0
48
48
48
48
1
1
7
7
7
7
7
1
1
0
0
1
1
0
0
0
9
9
1
1
1
1
1
1
1
1
1
1
1
1
1
1
4
4
4
4
4
4
4
1
1
4
4
4
4
4
4
4
4
3
3
0
2
2
2
7
7
7
7
7
7
7
3
3
3
3
3
1
1
1
0
2
2
2
30
30
30
30
30
30
30
30
3
3
3
1
1
0
0
6
6
6
6
6
6
