2
2
2
0
0
0
1
1
0
0
0
0
24
24
1
58
58
58
58
58
58
58
1
1
0
0
0
0
0
1
1
1
1
1
1
1
1
1
0
0
0
1
1
0
0
9
1
1
1
0
0
1
1
1
2
2
2
2
0
0
3
3
3
3
3
1
1
0
0
1
1
2
2
0
1
0
0
2
2
10
10
10
10
10
2
8
8
3
2
2
4
4
4
30
30
30
30
30
3
3
0
9
9
9
5
5
5
5
5
5
5
5
5
5
5
5
5
5
5
5
5
5
5
5
5
5
5
5
5
5
5
5
5
5
43
43
43
43
43
43
0
0
2
8
8
3
10
10
2
8
3
2
2
4
4
3
1
1
1
1
2
9
9
9
9
9
9
9
9
9
9
9
9
2
2
24
24
24
24
24
24
24
24
3
1
1
1
70
70
70
70
70
70
0
0
0
0
0
11
11
11
1
1
0
0
0
1
1
2
2
0
0
0
2
2
2
1
1
2
2
2
1
1
1
0
0
3
3
3
1
0
0
0
2
2
0
0
0
0
1
1
8
8
2
2
1
1
0
0
5
5
5
16
16
16
16
16
16
16
16
16
16
16
16
16
16
16
16
16
16
16
16
16
16
16
5
5
5
5
16
16
16
16
16
16
16
16
16
16
16
16
16
16
16
16
16
16
16
16
16
16
1
1
1
0
0
0
2
2
8
8
8
8
3
1
1
1
1
1
0
0
2
24
24
24
24
24
24
24
2
2
24
24
24
24
24
24
3
3
3
3
3
3
3
34
34
34
34
34
34
3
1
1
70
70
2
2
2
0
0
0
0
0
10
3
3
3
3
1
1
1
1
1
1
1
1
9
9
9
9
9
9
9
0
0
0
5
5
5
5
5
5
5
5
5
5
5
5
5
5
5
5
5
5
5
5
5
5
5
5
5
5
5
5
5
5
5
5
5
5
5
5
5
5
5
5
5
5
5
5
5
5
5
5
5
5
5
5
5
5
5
5
5
5
5
5
5
5
5
5
5
5
5
5
5
5
5
5
5
5
5
5
5
5
5
5
5
5
5
5
5
5
5
5
5
5
5
5
5
5
5
5
5
5
5
5
5
5
5
5
5
5
5
5
5
5
5
5
5
5
5
5
5
5
5
5
5
5
5
5
5
5
5
0
0
0
2
2
8
3
0
0
2
8
3
2
0
0
1
2
2
0
0
0
1
1
1
2
2
2
30
30
30
7
7
7
3
1
1
70
1
1
1
1
1
25
25
25
2
1
3
9
9
9
9
0
2
1
1
1
3
3
96
96
96
96
96
96
9
9
79
79
79
70
70
70
70
9
9
2
0
0
6
6
6
6
6
6
6
6
6
6
6
6
6
6
6
6
6
9
9
34
34
34
6
6
6
6
6
6
2
0
0
0
0
1
34
6
6
6
6
6
6
6
6
6
6
6
6
6
6
6
6
6
6
6
6
6
6
6
6
6
6
6
6
6
6
6
6
6
6
6
6
6
6
6
6
6
6
70
70
0
0
95
95
95
95
95
95
95
95
1
1
15
2
2
2
38
38
38
38
38
38
38
38
0
0
0
0
0
0
0
0
0
0
0
0
3
3
1
1
9
9
9
1
1
1
70
70
2
2
0
0
0
0
0
7
7
7
7
7
7
7
7
7
7
7
7
7
14
14
1
1
9
9
9
9
1
1
1
2
0
0
1
1
1
0
0
0
7
7
7
7
7
7
7
7
1
50
50
50
1
1
0
5
5
5
70
70
70
7
7
7
7
7
7
3
3
3
41
41
41
2
1
1
3
0
0
3
9
9
1
1
0
0
30
30
30
0
1
1
1
1
81
81
81
0
0
0
5
5
5
5
5
5
5
0
0
70
70
70
9
9
0
0
0
0
0
0
95
95
95
95
95
95
95
95
95
95
95
95
1
1
0
0
6
6
6
6
6
43
43
43
43
43
43
43
43
43
0
0
0
1
1
1
6
6
6
6
6
6
6
0
1
1
3
1
6
6
6
6
6
6
6
6
81
81
6
6
6
6
6
6
0
0
34
34
5
5
5
5
5
5
5
5
5
5
5
5
5
5
5
5
5
5
5
5
1
0
0
1
1
34
6
6
6
6
6
6
6
6
6
6
6
6
6
6
6
6
6
6
6
6
6
6
6
6
6
6
6
6
6
6
6
6
6
71
71
71
0
0
2
2
45
45
45
1
1
3
3
1
1
1
1
0
0
34
34
34
19
19
1
1
19
19
1
1
1
1
1
0
0
9
9
9
9
9
9
81
81
9
9
9
9
9
9
9
9
9
1
1
6
6
6
6
6
6
6
6
6
6
6
6
6
6
6
6
6
6
6
6
6
6
6
6
6
6
6
6
6
6
6
6
6
6
6
6
6
6
6
0
7
7
7
1
0
0
7
7
7
1
0
7
7
7
7
7
7
1
1
34
6
6
6
6
6
6
6
6
6
6
6
45
0
0
9
9
9
9
9
9
1
1
71
34
34
34
34
34
34
71
34
34
34
34
87
87
6
6
6
6
6
6
6
6
6
6
6
6
6
6
6
81
81
34
34
34
34
2
2
2
2
2
2
38
38
38
38
38
38
38
0
0
3
3
3
34
34
34
34
34
34
34
87
87
15
15
0
0
0
9
9
9
7
7
7
7
7
7
1
1
34
6
6
6
6
6
6
14
14
14
14
14
6
6
6
6
6
6
6
6
6
6
6
6
6
6
6
6
6
6
6
45
45
45
45
45
45
45
45
45
45
45
45
45
45
45
45
45
45
45
45
45
45
45
45
45
45
45
45
45
45
45
87
87
34
34
6
6
6
6
6
71
71
15
3
3
0
0
1
0
1
1
0
1
1
1
0
0
7
7
7
7
7
7
7
7
7
7
7
7
7
7
7
7
7
7
1
1
20
20
20
0
0
0
2
2
0
0
3
3
