0
0
0
62
62
62
62
62
62
62
12
12
12
12
12
0
0
2
1
1
0
1
0
0
0
3
3
2
1
1
3
0
0
0
2
1
1
0
0
0
0
28
28
0
0
1
1
1
1
3
3
3
3
3
3
0
0
1
1
0
0
2
2
8
0
0
0
0
0
2
2
1
1
2
1
1
1
1
3
62
62
62
62
0
2
1
1
0
0
2
4
4
4
4
4
4
4
4
4
4
4
4
4
4
4
4
4
4
4
4
2
2
4
4
4
4
4
4
4
4
4
4
3
3
1
1
0
0
4
4
4
4
4
4
1
0
4
4
4
0
0
4
4
0
4
4
0
0
4
4
4
0
0
4
4
0
4
4
0
0
4
4
0
4
4
4
4
2
2
4
4
4
4
4
4
4
4
4
4
4
4
1
4
4
1
4
4
1
4
4
1
4
4
1
1
4
4
0
0
2
2
4
4
4
4
4
4
3
3
3
1
1
0
4
4
4
4
2
2
4
4
4
4
4
3
3
1
1
0
0
4
4
4
4
4
2
2
4
4
4
4
4
4
3
3
1
1
2
2
4
4
4
4
1
0
0
0
1
24
24
1
0
0
4
4
4
4
4
4
4
4
4
4
4
4
4
2
2
4
4
4
4
4
4
3
1
1
0
1
1
0
0
4
4
4
4
4
4
4
4
2
2
4
4
4
4
4
3
1
18
18
18
18
18
18
18
18
18
18
18
18
18
18
18
18
18
18
18
18
18
18
18
18
18
18
18
18
18
18
18
18
18
18
18
18
18
18
18
18
18
18
18
2
2
30
30
30
30
3
18
18
18
18
18
10
10
10
2
0
0
1
1
2
2
2
0
1
1
1
1
1
1
1
1
1
1
1
0
0
0
0
0
3
3
0
0
1
1
10
10
10
10
10
10
2
8
3
1
1
1
1
2
2
0
0
0
0
0
10
10
10
10
10
10
10
10
10
10
10
10
10
10
10
1
1
2
2
4
4
4
4
4
4
3
0
0
4
4
4
4
4
4
3
3
0
0
1
1
1
1
0
10
10
10
10
10
10
10
10
1
1
1
1
1
1
1
1
1
1
1
10
10
1
10
10
1
10
1
10
10
2
8
3
0
0
4
4
4
4
4
4
4
3
3
14
14
14
0
0
0
1
1
1
1
9
0
0
0
0
0
1
1
0
0
1
0
0
1
0
1
10
10
10
10
1
1
0
0
0
0
0
0
10
1
0
1
0
10
10
10
10
10
10
1
0
0
0
0
0
0
0
1
1
1
1
1
0
0
1
0
0
5
5
5
5
5
5
5
5
5
5
5
5
5
5
5
5
5
5
5
5
0
0
0
0
0
0
0
0
1
1
0
0
1
1
1
5
5
5
5
5
5
5
5
5
5
5
5
5
5
5
5
5
5
5
5
5
5
5
5
5
5
5
5
5
5
5
5
5
5
0
0
0
1
1
1
1
1
1
1
1
1
1
1
1
0
0
1
0
0
1
1
1
1
1
0
0
1
1
0
0
0
0
0
2
2
10
10
10
10
10
0
0
0
0
50
50
1
3
1
10
10
10
10
1
2
2
2
2
2
2
2
2
2
2
2
2
2
4
4
4
4
4
2
2
24
4
4
4
4
4
4
1
1
1
1
1
6
6
6
6
6
6
6
6
6
6
45
45
45
45
45
45
45
45
45
2
2
2
8
2
2
4
4
0
0
11
11
2
0
0
0
0
0
9
9
9
9
9
9
9
9
3
1
1
2
2
2
3
2
2
0
0
50
50
2
2
2
2
2
2
2
2
2
1
1
1
1
2
2
0
0
0
2
2
2
2
50
50
50
50
0
0
0
1
1
1
1
1
3
3
3
1
1
1
1
1
0
0
2
2
0
0
1
1
1
47
47
3
3
1
1
3
3
3
3
0
0
2
2
3
2
1
1
3
41
41
41
2
2
0
0
0
0
0
0
0
0
0
1
1
1
30
30
30
30
30
30
30
1
1
1
1
1
3
3
1
1
1
1
1
1
1
1
9
9
1
1
38
38
38
38
38
38
38
38
38
38
38
0
0
1
1
30
30
30
1
1
1
1
18
18
18
18
3
2
8
2
2
0
0
1
1
1
1
2
1
1
3
11
11
62
62
62
62
62
62
0
1
0
0
1
1
1
4
4
4
4
2
4
4
4
4
1
1
4
4
4
4
4
4
4
4
4
4
4
4
2
2
3
3
1
1
0
0
4
4
0
0
4
4
4
4
4
4
4
4
4
4
0
2
2
4
4
4
4
4
3
3
1
1
1
2
2
2
4
4
3
1
50
50
50
50
50
50
50
50
0
0
0
8
8
8
8
2
2
0
0
24
24
58
58
58
58
58
3
3
2
2
34
34
34
34
34
34
3
3
1
1
1
