2
2
0
0
0
28
28
28
28
28
28
28
0
0
0
1
1
3
2
0
0
80
80
80
80
80
80
80
80
80
2
2
1
1
80
80
80
3
3
3
3
1
1
1
1
0
2
2
2
9
9
9
9
1
1
0
4
4
0
0
4
4
0
0
4
4
4
0
0
4
4
4
2
2
4
4
4
1
4
4
1
4
4
4
4
1
4
4
1
3
0
0
4
4
4
4
4
4
4
4
4
4
4
2
2
4
4
4
4
4
4
3
1
1
0
0
4
4
4
4
2
4
4
4
4
4
3
3
1
1
0
4
4
4
4
4
2
2
4
4
4
4
4
4
4
3
3
1
1
0
0
4
4
4
2
2
4
4
4
4
4
3
3
1
1
0
0
4
4
4
4
2
2
4
4
4
4
3
3
1
1
0
0
0
4
4
4
4
4
2
2
4
4
4
4
4
4
4
4
3
3
1
1
1
0
0
4
4
4
4
4
4
4
1
2
2
4
4
4
4
4
4
4
4
3
3
1
1
1
18
18
18
18
10
10
10
0
2
2
2
2
2
2
24
24
24
24
3
72
72
1
1
1
