3
2
2
2
0
3
3
2
2
1
1
0
0
0
9
9
9
9
9
9
9
9
9
9
9
9
9
9
9
9
9
9
9
9
9
9
9
9
9
9
9
9
9
9
9
9
9
1
1
2
0
3
3
3
1
0
0
2
1
1
1
3
2
2
0
3
2
2
2
1
0
1
1
1
1
1
1
1
1
1
34
34
34
34
0
14
14
2
1
1
3
3
0
0
0
1
1
1
1
28
28
28
28
28
28
28
28
28
28
28
28
62
62
62
62
62
62
62
62
62
62
62
0
0
0
2
1
1
0
0
0
0
0
0
0
0
0
0
0
0
0
0
0
0
0
0
0
3
2
1
1
1
3
3
62
62
62
62
62
62
62
0
2
21
21
21
21
21
1
1
1
4
4
4
4
4
0
4
4
4
0
4
4
2
2
4
4
4
4
1
4
4
1
4
3
1
0
0
0
4
4
4
4
4
4
4
4
4
4
4
1
1
2
2
4
4
4
4
4
4
4
4
4
4
4
4
4
4
4
4
3
2
4
4
4
4
3
3
1
1
0
4
4
1
2
2
4
4
4
4
3
1
1
0
4
4
4
4
4
1
2
4
4
4
4
3
1
1
0
4
4
4
4
4
4
2
2
4
4
4
4
4
4
3
3
1
1
0
0
4
4
4
1
1
2
2
4
4
4
4
4
3
1
0
0
2
3
4
4
4
4
4
1
2
2
4
4
4
4
4
3
1
1
2
2
2
0
4
4
4
4
4
4
4
4
1
2
2
4
4
4
4
4
4
4
4
4
1
2
2
4
4
4
3
1
0
4
4
4
2
2
4
4
3
0
4
4
4
4
1
2
2
4
4
4
3
1
1
0
4
4
4
4
4
1
2
4
4
4
4
3
1
1
18
18
18
18
18
18
18
18
18
18
18
18
18
18
18
18
18
18
18
18
18
18
18
18
18
18
18
18
18
18
18
18
0
0
4
4
4
1
2
2
4
4
4
3
3
1
1
18
18
18
18
18
18
18
18
18
10
10
0
0
58
58
58
58
58
58
58
0
1
1
10
10
10
10
10
10
10
1
1
1
