2
2
1
1
1
15
15
0
0
6
6
6
6
6
0
0
0
19
19
19
19
19
19
19
19
19
19
19
19
19
55
55
19
19
19
19
19
19
19
19
19
19
19
19
19
19
19
1
0
0
19
19
19
19
19
19
19
19
19
19
19
19
19
19
19
19
19
19
19
19
19
19
19
19
19
19
19
19
19
19
19
19
19
19
19
19
19
19
19
19
19
19
19
19
1
1
0
0
1
1
1
12
1
1
1
1
4
4
4
4
4
4
4
4
15
15
7
7
7
0
0
1
24
24
24
24
24
4
4
4
4
4
15
15
7
7
0
4
4
4
4
4
4
4
4
1
1
1
1
0
4
4
4
4
4
4
4
4
4
4
4
1
1
0
0
4
4
4
4
4
4
4
4
4
4
4
4
4
4
4
4
4
4
4
4
4
4
4
4
4
4
4
4
4
4
4
4
4
4
4
4
1
1
1
1
1
1
7
7
0
4
4
4
4
4
4
4
4
1
1
7
7
1
1
12
12
4
4
4
4
4
4
4
4
4
4
4
4
4
4
4
4
4
4
4
4
4
4
4
4
4
1
1
4
4
4
4
0
0
18
18
18
18
18
1
1
1
1
1
12
12
4
4
4
4
4
4
4
4
4
4
4
4
4
4
4
4
4
4
4
4
9
9
9
15
4
4
4
1
1
11
11
11
11
11
11
1
1
1
1
0
1
1
1
0
0
2
2
1
1
1
1
3
3
0
0
0
0
3
3
