1
1
3
3
2
2
12
3
3
14
14
14
2
7
12
24
24
24
24
24
24
15
3
2
2
1
1
0
0
0
0
3
3
1
0
0
2
24
24
3
3
14
14
1
1
2
7
2
2
7
7
7
7
1
1
3
2
2
1
3
24
24
24
24
15
15
3
3
2
1
1
0
0
0
0
0
0
0
3
1
1
2
0
3
9
1
0
0
0
0
0
0
0
1
1
2
1
3
2
2
2
0
0
12
12
0
0
0
0
36
36
36
36
36
36
36
36
36
4
4
4
4
4
4
4
36
36
36
36
36
36
1
1
1
2
2
12
12
5
5
5
5
5
5
5
1
5
5
5
5
5
1
1
3
3
5
5
5
5
5
5
20
0
7
7
1
9
2
2
2
64
64
64
1
1
1
1
3
3
3
1
1
1
0
2
1
1
1
1
0
1
1
1
3
0
0
0
0
0
0
1
1
0
0
0
0
4
4
4
4
4
4
4
4
4
4
4
4
4
4
4
1
1
1
0
0
4
4
4
4
4
4
4
4
4
4
4
4
4
4
4
4
1
1
1
0
0
0
4
4
4
4
4
4
4
4
4
4
1
1
1
0
0
0
4
4
4
4
4
4
4
4
4
4
4
4
1
1
0
0
4
4
4
4
4
4
4
4
4
1
1
0
4
4
4
4
4
4
1
1
0
4
4
4
4
4
4
0
0
0
1
1
1
4
4
4
4
4
4
4
4
4
4
4
4
4
4
4
4
4
4
4
4
4
4
4
4
4
4
4
1
1
1
0
0
4
4
4
4
4
4
4
4
4
4
1
0
0
1
0
4
4
4
4
1
1
0
0
1
4
4
4
4
4
4
4
4
4
4
4
1
1
1
4
4
4
4
4
4
4
4
4
4
4
4
4
4
4
4
4
4
4
4
4
4
4
4
4
4
4
4
4
4
4
4
4
4
4
4
4
4
4
4
4
4
4
4
4
4
4
4
4
4
4
4
4
4
4
4
4
4
4
4
4
4
4
1
1
1
1
1
4
4
4
4
4
1
4
4
4
4
4
4
4
4
4
4
4
4
4
4
4
1
1
4
4
4
1
4
4
1
4
4
4
1
4
4
4
4
4
4
1
1
1
4
4
1
4
4
1
4
4
4
4
4
4
4
4
4
4
4
4
4
4
4
4
4
4
4
22
22
7
7
7
7
12
12
4
4
4
4
1
4
4
4
4
4
4
4
4
4
4
4
4
4
4
4
4
11
11
0
0
0
0
0
11
11
11
11
11
11
11
11
11
11
11
11
11
11
1
1
15
15
1
1
1
12
12
4
4
15
4
11
11
11
