12
12
2
0
0
3
2
3
3
1
13
13
13
13
13
0
0
1
1
2
2
0
0
1
1
1
1
2
2
2
2
2
2
7
7
7
7
7
7
7
7
7
7
7
0
0
1
14
14
3
3
3
0
0
1
1
1
3
0
0
1
3
0
0
0
0
1
9
9
0
0
75
75
75
75
75
75
75
75
75
75
75
75
75
75
75
75
75
75
75
75
75
75
75
75
75
75
75
75
75
75
75
75
75
75
75
75
75
75
75
75
75
75
75
75
75
75
75
75
75
0
0
1
1
75
75
75
75
75
75
75
75
75
75
75
75
75
75
75
75
75
75
75
75
75
75
75
75
75
75
75
75
75
75
75
75
75
75
75
75
75
75
75
75
75
1
1
1
1
0
0
0
75
75
75
75
75
75
75
75
75
75
75
75
75
75
75
75
75
75
75
75
75
75
75
75
75
75
75
75
75
75
75
75
75
75
75
75
75
75
75
75
75
75
75
75
75
75
75
75
75
75
75
75
75
75
75
75
75
75
75
75
75
75
75
7
7
7
7
1
1
