1
1
0
0
2
2
2
1
1
2
2
18
18
1
2
2
0
18
18
18
1
0
0
1
23
23
0
0
0
0
0
0
4
4
4
4
4
4
4
1
1
1
1
0
1
0
0
1
0
0
22
22
0
0
1
1
0
0
0
2
1
1
3
2
0
0
0
0
1
1
3
2
0
0
0
0
3
3
1
1
3
3
3
0
3
2
1
0
0
2
2
12
24
24
3
3
3
3
3
14
14
14
2
2
7
1
0
2
24
24
3
3
3
14
14
14
7
7
14
2
2
7
7
24
24
24
24
24
3
3
3
3
2
1
1
1
7
7
7
7
7
7
1
24
24
3
3
3
3
14
14
2
7
7
7
1
0
0
24
24
24
24
24
24
24
15
0
0
3
3
20
20
2
1
1
1
1
3
0
0
1
1
1
1
1
22
22
0
0
12
12
1
2
2
2
0
0
7
7
20
20
24
24
24
24
24
24
24
24
24
24
24
24
24
24
24
0
4
4
4
4
4
4
4
4
4
4
4
4
4
4
4
4
4
4
4
4
21
21
21
7
7
7
7
7
4
4
4
4
4
4
4
4
4
21
21
12
12
4
4
4
4
4
4
4
4
4
4
15
15
15
7
7
7
0
0
0
0
4
4
4
4
4
4
4
4
4
4
4
4
4
4
4
4
4
4
4
4
4
4
4
4
4
4
4
4
4
4
4
4
4
4
4
4
4
4
4
4
1
1
1
1
1
1
0
0
0
0
0
0
0
0
0
0
2
2
2
2
2
2
14
14
1
1
1
1
1
1
2
2
2
2
2
2
1
1
1
1
23
12
12
12
12
15
8
8
8
8
2
0
0
1
1
1
0
0
3
53
53
53
53
1
1
1
4
4
4
4
4
