1
1
1
0
0
1
0
0
24
24
24
1
1
1
12
0
0
0
0
12
12
24
24
24
24
24
24
24
24
24
24
24
7
7
0
0
4
4
4
4
4
4
4
4
4
7
7
7
15
15
15
11
11
0
0
11
11
11
11
11
12
12
1
1
6
6
6
6
0
0
2
2
7
7
7
7
7
7
7
7
1
3
3
3
0
0
33
33
2
2
0
0
0
0
0
0
0
1
1
1
3
1
1
1
2
2
2
2
1
0
2
2
24
24
14
14
14
7
24
24
24
24
24
24
24
24
24
24
15
15
15
15
2
2
0
2
2
7
7
7
7
1
3
3
1
3
3
3
14
14
20
20
20
20
20
3
7
7
7
7
7
1
1
0
0
2
2
2
2
7
7
7
1
1
0
0
3
3
2
2
20
20
20
20
20
20
20
20
20
20
20
20
20
20
20
20
20
74
74
74
1
1
1
2
2
24
24
24
3
3
65
65
14
14
14
2
2
7
7
24
24
24
24
24
15
3
1
1
3
3
12
12
2
1
1
0
0
0
2
1
1
1
1
3
1
1
0
0
0
2
1
1
1
1
1
0
0
2
2
1
1
1
1
1
1
1
0
0
1
1
1
1
1
1
1
7
7
1
9
0
1
1
1
1
1
0
0
0
0
1
0
1
1
1
0
1
1
0
0
9
9
15
15
15
0
0
4
4
4
4
4
4
4
4
4
4
4
4
4
4
4
4
4
4
4
1
1
0
0
4
4
4
4
4
4
4
4
4
4
4
4
4
4
4
4
1
1
0
4
4
4
4
4
4
4
4
1
0
4
4
4
4
4
4
4
4
4
4
4
4
1
1
0
4
4
4
4
4
4
4
4
4
4
4
4
4
1
0
4
4
4
4
4
4
4
1
1
0
0
4
4
4
4
4
4
1
1
1
0
4
4
4
4
4
4
4
4
4
4
4
4
4
4
4
4
4
4
4
4
4
4
4
4
1
1
1
0
4
4
4
4
4
4
4
4
4
4
4
4
4
4
4
4
1
1
4
4
4
4
4
1
4
4
4
4
4
1
1
4
4
4
4
1
4
4
4
1
1
12
12
4
4
4
4
4
4
15
15
11
11
11
11
9
9
