2
2
35
35
35
35
35
0
0
0
2
2
2
2
1
1
1
38
38
38
0
0
0
0
0
0
1
1
1
1
1
1
1
1
1
0
0
3
3
3
3
3
0
0
0
0
1
1
1
1
1
1
1
0
1
1
0
0
1
1
0
1
1
1
1
1
0
2
2
2
2
2
2
2
2
2
2
2
48
48
48
49
49
49
49
49
49
49
49
15
48
48
48
48
21
21
21
21
21
21
21
21
21
21
21
1
2
2
2
2
2
2
2
2
2
2
2
2
2
48
48
48
48
48
48
48
48
48
48
48
48
48
54
54
54
54
54
21
21
76
76
76
76
76
12
4
4
4
4
11
11
11
11
11
11
18
18
18
18
18
18
18
18
18
18
26
26
26
26
26
26
26
26
26
26
26
26
26
26
26
61
61
61
61
61
61
61
61
61
61
2
2
0
0
26
26
26
26
26
26
26
54
54
54
26
26
26
26
26
26
26
26
26
26
26
26
26
26
26
26
26
26
26
26
26
26
26
4
4
4
4
4
4
4
4
4
4
4
4
4
4
4
15
15
2
2
0
0
0
0
2
2
2
57
57
57
57
57
57
57
57
57
57
57
57
57
57
57
57
57
57
57
57
1
1
1
2
2
1
2
2
0
0
0
0
0
0
5
5
5
48
48
48
48
2
2
2
2
48
48
48
48
48
48
48
2
2
2
2
54
54
54
63
63
2
2
3
3
3
3
1
46
46
46
46
46
0
0
1
1
1
0
0
0
0
0
1
0
0
0
1
1
21
21
21
21
21
21
21
21
21
21
21
21
21
21
21
21
21
21
21
21
0
0
21
21
21
0
0
55
55
55
0
0
22
22
22
2
2
1
1
1
1
1
1
0
2
2
2
19
19
19
19
22
22
22
19
19
19
22
22
22
19
19
19
19
19
22
22
22
3
3
3
3
2
1
2
2
1
1
3
3
3
21
21
21
21
2
2
122
3
21
21
21
21
21
21
21
21
21
21
21
21
21
21
2
2
2
2
21
21
21
21
3
3
3
21
21
21
21
21
21
21
21
21
21
21
21
21
21
21
21
21
21
21
21
21
21
21
21
21
21
21
21
21
21
21
21
21
21
21
21
21
21
14
14
14
14
21
21
21
21
21
21
21
21
21
21
21
21
21
2
54
54
54
1
1
0
0
0
0
0
22
22
1
1
1
12
12
12
12
12
59
59
59
59
59
59
0
0
7
7
7
3
3
1
21
21
0
0
20
20
20
2
2
0
0
2
2
2
19
19
19
19
22
22
22
22
22
3
3
3
3
3
3
2
2
2
1
1
3
3
3
3
40
40
40
40
40
40
40
40
40
40
40
40
40
40
40
40
40
40
40
40
40
40
40
40
40
40
70
70
70
70
70
70
70
70
70
70
70
70
70
2
2
54
54
54
54
55
55
55
55
55
55
55
55
22
22
22
45
45
12
4
4
4
4
4
11
11
11
11
11
11
11
11
0
22
22
22
3
0
0
1
1
2
2
0
0
0
2
2
2
0
0
31
1
1
0
0
31
61
61
0
0
0
0
1
1
0
0
31
31
1
1
1
1
1
0
0
31
19
19
19
19
19
19
19
19
19
19
19
19
19
19
19
0
0
0
0
0
0
0
0
0
0
0
0
0
0
0
0
0
0
0
0
0
0
19
19
19
19
19
38
38
38
38
38
38
38
38
38
19
19
19
19
19
19
19
1
1
4
4
4
4
4
4
4
4
4
11
11
11
11
11
11
11
11
2
2
0
0
0
0
0
1
2
0
0
0
2
2
0
0
0
3
3
3
1
1
2
2
2
19
19
18
18
0
19
19
19
19
19
19
1
1
3
3
3
2
1
1
0
0
2
2
2
7
7
7
7
2
2
1
1
1
1
0
0
0
0
30
30
1
1
1
2
2
0
0
0
0
7
7
7
7
7
7
1
1
1
1
1
0
22
22
22
19
19
19
19
1
2
1
1
1
12
12
12
12
12
0
0
55
55
55
55
55
6
6
6
6
6
6
6
6
6
6
6
6
6
6
6
6
6
6
6
1
1
0
0
7
7
7
7
7
7
1
1
54
54
54
46
46
46
46
46
46
1
1
1
1
1
0
0
0
0
0
21
21
21
21
21
21
21
21
21
21
1
1
0
0
0
0
0
21
21
21
21
21
21
21
21
21
21
21
21
22
22
22
0
0
0
0
0
0
0
0
0
0
0
0
21
21
21
21
21
21
22
22
22
0
0
0
0
56
56
56
56
56
56
56
56
56
56
22
22
22
0
0
0
0
56
56
56
56
56
56
56
56
56
0
0
0
0
0
0
0
4
4
4
0
0
4
4
4
76
76
76
0
0
1
1
20
20
1
1
76
76
76
76
76
76
76
1
1
20
20
20
