0
0
22
3
3
3
3
3
3
3
2
2
22
22
2
0
0
0
1
1
1
1
1
1
1
1
1
1
1
1
1
1
1
1
1
1
1
1
1
3
3
3
2
22
22
22
22
3
3
0
0
22
22
6
6
6
6
6
57
57
57
12
12
12
6
6
6
6
6
6
6
6
6
2
0
0
0
0
0
2
2
1
1
1
1
1
1
1
1
1
1
1
6
6
6
6
6
6
6
2
2
0
0
1
1
1
12
12
12
29
29
29
29
29
29
9
9
9
22
22
3
3
3
1
1
1
29
29
29
29
29
29
29
29
29
29
29
29
29
29
29
29
29
29
29
29
29
29
29
29
29
29
29
29
29
29
29
29
29
29
29
1
1
29
29
29
29
29
29
29
29
29
29
29
29
29
29
13
13
13
13
13
13
13
13
0
0
0
21
21
21
21
21
21
0
0
0
0
2
2
0
0
30
30
30
30
3
3
1
1
1
29
29
29
29
29
29
29
29
29
29
29
29
29
29
29
29
29
29
29
29
29
1
1
6
6
6
6
6
6
6
6
6
6
6
6
6
6
6
0
0
22
1
0
0
22
22
4
4
4
4
4
4
4
4
4
4
0
22
22
0
22
22
0
0
0
1
1
1
1
1
1
1
1
1
1
1
1
1
1
0
4
4
11
11
11
0
6
6
6
6
6
6
1
1
1
1
1
1
1
6
6
6
6
6
6
6
6
6
6
6
6
6
6
6
6
6
6
32
32
32
32
32
32
32
32
6
6
6
6
6
6
6
6
6
6
6
6
6
6
6
6
6
6
71
71
71
71
0
0
4
4
4
4
4
4
4
4
4
4
4
4
4
4
4
4
4
4
0
0
0
27
27
27
27
27
27
27
27
27
27
27
27
27
27
27
27
27
27
27
27
27
27
27
27
27
27
27
27
27
27
27
27
27
27
27
1
1
1
20
20
20
20
20
20
20
20
20
20
20
20
20
20
20
1
1
1
6
6
6
6
6
6
6
6
6
6
0
0
0
0
22
22
22
22
22
22
22
22
32
32
32
32
32
32
32
2
2
0
0
60
60
60
60
60
60
60
60
60
60
60
60
60
60
60
60
60
60
32
32
32
32
32
32
32
32
32
32
35
35
35
35
15
15
15
15
15
15
6
6
6
6
6
6
6
6
60
60
60
60
60
60
60
60
60
60
60
60
60
60
60
60
60
60
60
60
60
60
60
60
60
60
60
60
60
60
60
60
60
60
28
28
28
28
28
28
28
28
2
2
0
0
15
15
2
0
0
0
36
36
36
36
36
36
36
36
36
36
36
36
36
36
36
36
36
36
36
36
36
36
36
36
36
36
36
36
36
36
36
36
36
36
28
28
28
36
36
36
36
36
36
1
1
1
1
36
36
36
36
36
36
36
36
36
36
36
36
36
36
36
15
15
1
1
1
1
1
1
1
1
1
1
15
15
15
15
15
15
15
15
