0
0
0
0
0
0
0
0
0
0
7
7
7
7
7
7
7
1
1
0
0
9
9
9
9
0
0
0
0
0
0
0
1
1
2
2
0
32
32
32
32
32
32
32
32
32
32
32
32
32
32
32
32
32
32
32
32
2
0
0
7
7
7
7
7
7
9
9
9
7
7
7
7
1
1
0
0
0
6
6
6
6
6
20
20
9
9
2
2
54
54
54
54
3
0
1
1
1
0
0
0
0
0
4
4
4
4
4
4
4
11
11
11
11
0
1
1
1
1
0
0
1
1
2
2
2
2
0
0
0
0
3
3
3
1
1
54
54
54
54
54
54
54
54
54
2
2
2
1
1
3
3
2
2
54
54
16
16
16
16
16
16
16
16
16
16
16
16
16
16
0
16
16
16
16
16
16
16
16
16
16
16
16
16
16
0
16
16
16
16
16
16
16
61
0
0
0
1
1
1
1
0
76
76
76
76
76
26
26
26
26
26
26
26
50
50
50
5
5
5
5
5
5
5
5
5
5
0
0
1
1
5
5
5
5
5
5
5
5
5
5
5
5
5
5
5
5
5
5
5
5
5
5
5
5
5
5
5
5
5
5
5
5
5
5
5
5
5
5
5
5
5
5
5
5
5
5
5
5
50
50
50
5
5
26
26
5
5
5
5
5
5
5
5
5
5
5
5
5
5
5
5
5
5
5
5
5
5
5
5
5
5
5
5
5
5
5
5
5
5
5
5
5
5
5
5
5
5
5
5
5
5
5
5
5
5
5
5
5
5
5
5
5
5
5
5
5
5
5
5
5
5
5
5
5
5
5
26
26
26
26
5
5
5
5
5
5
5
1
1
20
20
20
20
20
20
20
20
29
29
29
29
29
29
29
29
29
29
29
29
29
29
29
29
29
29
29
29
29
29
29
29
29
29
29
43
43
43
43
43
43
43
43
43
43
43
43
43
29
29
29
29
29
29
29
29
29
1
1
0
0
76
76
76
76
76
76
76
76
76
76
76
1
0
0
7
7
7
7
1
1
9
9
9
9
9
20
20
0
0
0
0
0
0
0
0
0
0
0
0
0
0
0
0
0
0
0
0
0
0
0
0
0
0
0
0
0
0
0
0
0
0
0
0
0
0
0
0
0
0
0
0
56
56
56
56
56
56
56
56
22
22
0
0
0
0
56
56
56
22
22
0
0
0
0
0
56
56
56
56
56
56
56
56
56
22
22
22
0
0
0
0
56
56
56
56
56
56
22
22
0
0
56
56
56
56
56
56
56
56
56
56
22
22
22
22
0
0
0
0
0
0
0
0
0
0
0
0
0
56
56
56
56
56
56
56
22
0
0
0
0
0
0
1
1
1
4
4
4
11
11
11
11
29
29
29
29
29
29
29
29
29
26
26
29
29
29
29
43
43
43
43
43
43
43
29
29
29
29
43
43
43
43
43
43
43
29
29
29
29
29
29
29
29
7
7
7
7
7
7
7
7
9
9
9
0
0
0
0
0
9
9
1
1
1
1
1
1
5
5
5
5
5
5
5
5
5
5
5
5
5
5
5
5
5
5
5
5
5
5
5
5
5
5
5
5
5
5
5
5
5
5
5
5
5
5
5
5
5
5
5
5
5
5
10
10
10
10
1
1
10
10
10
10
10
10
10
10
32
32
32
32
32
32
32
32
32
32
32
32
32
32
32
32
32
32
32
32
32
32
32
32
32
32
32
20
20
2
2
0
1
2
2
2
0
0
1
2
2
2
2
2
2
2
2
0
0
0
5
5
5
5
5
5
5
5
5
5
5
5
5
5
5
5
5
5
5
5
68
68
68
68
54
54
54
54
5
5
22
22
22
22
22
22
22
5
5
5
5
5
5
5
0
0
4
4
4
68
68
68
5
5
22
22
22
22
68
5
5
5
5
5
5
5
5
5
5
5
22
22
5
5
5
1
1
1
1
1
1
2
2
2
2
1
1
3
3
3
29
29
29
29
29
29
29
29
29
29
29
7
7
92
76
76
76
76
76
7
7
7
7
2
1
1
3
1
1
3
9
9
9
9
0
5
5
5
5
5
2
0
0
2
2
0
0
2
2
19
19
3
22
22
22
2
2
0
0
2
2
2
7
7
7
7
7
7
3
3
1
1
2
0
0
0
0
7
7
7
3
3
3
1
1
1
0
0
115
115
115
1
1
1
0
0
1
1
1
1
1
1
1
1
1
7
7
7
7
7
7
3
3
0
0
0
0
5
5
5
5
16
16
16
16
16
16
16
16
16
16
16
16
16
16
16
16
16
16
16
16
16
16
16
16
16
16
16
16
16
16
16
16
16
16
16
16
16
16
16
16
16
0
0
0
0
5
5
5
5
5
5
5
5
5
5
5
5
5
5
5
5
5
5
5
5
5
5
5
5
5
5
5
5
22
22
5
5
5
5
5
5
5
5
5
5
5
5
5
5
5
5
5
22
22
22
22
22
22
6
6
6
6
6
6
6
6
6
6
6
6
6
6
6
0
0
0
0
0
0
29
29
29
29
29
29
29
0
0
90
90
90
90
90
90
0
0
91
91
1
1
0
0
1
1
29
29
29
29
29
29
29
29
21
21
0
0
0
0
22
22
0
0
0
22
22
1
1
0
0
22
10
10
10
10
10
10
10
10
10
1
1
1
0
1
1
0
0
1
1
0
1
1
1
0
0
1
1
0
0
0
0
0
0
0
0
21
21
21
21
21
21
21
22
22
22
22
0
0
0
0
0
21
21
21
21
22
22
22
0
0
0
0
0
0
0
0
0
0
0
0
0
21
21
21
21
21
22
22
0
0
0
1
1
1
54
54
54
54
1
1
1
1
1
9
9
9
9
9
6
6
6
6
6
6
0
0
1
1
0
1
0
0
0
1
0
22
22
2
2
3
2
2
0
0
0
2
2
2
1
1
1
1
1
1
1
1
1
1
1
1
1
1
1
1
1
1
1
1
1
1
0
0
0
3
3
2
2
2
9
9
2
2
12
12
12
12
12
12
22
22
22
22
3
0
0
2
2
0
54
54
54
54
1
1
1
1
1
1
2
2
1
1
3
