0
0
9
9
9
9
9
0
0
0
22
22
22
6
6
0
0
0
22
22
22
22
6
6
6
6
6
6
6
6
6
32
32
32
32
32
32
32
32
6
6
6
6
2
2
0
0
9
9
26
26
26
2
2
2
1
1
1
1
1
1
1
1
1
1
1
1
1
1
0
22
0
0
22
22
0
0
22
22
2
2
0
0
0
2
2
2
2
1
1
2
2
0
1
1
1
1
21
21
21
21
0
0
0
0
0
0
21
21
21
21
21
21
21
21
21
26
26
26
26
21
21
21
21
21
0
0
22
22
22
22
22
3
4
4
4
4
4
4
15
11
11
71
71
71
71
0
0
50
21
21
21
21
21
21
21
21
21
21
0
0
22
22
22
54
54
54
104
104
0
2
1
1
0
4
4
4
4
4
4
4
4
4
4
4
4
4
4
4
4
4
4
4
1
3
11
11
11
11
11
11
11
11
1
1
1
6
6
6
6
6
6
6
6
6
6
6
6
0
0
22
6
6
6
39
39
39
2
2
0
0
1
2
0
0
0
2
2
2
7
7
7
7
7
7
1
1
2
2
20
0
0
3
3
2
2
0
2
2
2
6
6
6
19
19
19
19
19
19
0
3
3
3
22
22
22
3
3
1
1
20
20
1
1
1
1
0
0
0
0
0
0
1
1
1
3
1
1
1
9
9
9
9
9
90
90
90
90
90
90
0
0
5
5
5
5
5
5
1
0
0
5
5
5
5
5
5
5
5
5
5
5
5
5
5
5
5
5
5
5
5
5
5
5
5
5
5
4
4
4
4
4
4
4
4
4
4
4
4
4
4
4
4
12
12
49
49
49
49
49
49
11
11
9
9
11
11
11
11
11
11
1
1
1
1
1
0
0
0
0
0
0
0
22
22
22
22
22
22
22
0
0
0
0
0
0
0
0
0
0
0
0
0
7
7
7
7
1
1
1
1
0
0
0
1
1
0
0
1
1
0
0
1
1
0
0
0
1
1
1
0
0
0
1
0
0
0
1
1
1
1
0
0
0
0
29
29
29
29
1
1
2
2
2
2
2
2
2
2
2
2
3
2
2
3
3
3
3
3
3
3
3
3
3
1
1
1
3
2
2
35
35
35
35
35
0
0
0
0
1
1
35
35
35
35
35
15
15
15
0
0
22
22
3
3
3
3
3
3
3
4
4
4
1
1
1
1
1
2
2
3
2
2
0
0
7
7
7
7
7
3
3
3
22
22
12
12
12
6
6
6
6
6
35
35
35
35
35
35
19
19
19
19
19
19
19
19
19
19
19
19
19
19
19
19
19
2
2
0
2
2
19
19
19
19
19
19
19
19
19
19
19
19
19
19
19
19
3
3
3
3
2
2
3
3
6
6
6
6
6
6
6
6
6
6
6
6
6
6
6
9
9
9
4
4
4
1
0
2
2
2
1
1
2
1
1
3
3
2
3
15
15
15
15
15
15
6
6
1
1
1
1
1
1
1
1
1
1
1
1
1
1
1
1
1
1
1
1
1
1
1
1
1
1
1
1
1
2
0
0
0
0
0
0
0
0
1
1
1
1
1
1
1
1
1
1
3
2
2
1
1
1
1
1
1
1
1
1
1
3
3
3
67
67
1
1
15
15
102
102
102
102
102
102
102
102
102
102
102
102
102
0
54
54
54
4
4
4
4
4
4
4
1
1
1
1
