0
0
2
2
2
54
0
0
22
22
0
0
22
2
2
2
0
22
22
22
22
22
22
22
0
2
2
0
0
0
0
23
23
23
2
2
2
22
22
12
12
12
22
22
22
0
0
4
4
4
4
4
4
4
4
4
4
4
4
4
4
4
4
4
4
11
11
11
11
11
11
11
11
11
11
1
1
1
73
11
11
11
1
1
12
12
12
12
12
12
12
12
12
12
2
2
2
0
0
24
24
24
24
24
24
24
24
24
24
1
1
1
0
1
12
12
12
12
12
15
12
12
2
2
2
0
0
0
3
3
2
2
0
0
0
1
1
0
0
0
0
0
2
2
3
2
5
5
5
5
5
16
16
16
16
16
16
16
16
16
16
16
16
16
16
16
16
16
16
16
16
16
16
16
16
16
16
16
16
16
16
16
16
16
16
16
16
16
16
16
16
16
16
16
16
16
16
5
5
1
1
5
5
5
5
5
22
22
5
5
5
5
5
1
1
5
5
5
1
1
0
0
0
0
16
16
16
16
16
16
20
50
50
16
16
16
16
16
16
16
16
16
16
16
16
16
5
5
5
16
16
16
16
16
16
16
16
16
16
16
5
5
5
5
5
5
5
5
22
22
5
5
5
5
5
5
5
5
22
22
22
22
22
22
5
5
5
5
0
0
0
0
5
5
16
16
16
16
16
16
16
16
16
16
16
16
16
16
16
16
16
16
16
16
16
16
16
16
16
16
16
16
16
16
16
16
16
16
16
5
5
5
5
5
5
5
5
5
5
5
5
5
5
5
5
5
5
5
5
5
5
5
5
5
22
22
22
22
22
22
22
22
22
22
22
22
22
22
22
5
5
22
22
0
0
0
0
5
5
5
5
16
16
16
16
16
16
16
16
16
16
16
16
16
16
16
16
16
16
16
16
16
16
16
16
16
16
16
16
16
16
16
16
16
16
16
16
16
16
16
5
5
5
5
5
5
2
2
2
0
0
0
2
2
2
2
2
2
22
22
22
22
22
22
22
22
22
22
22
22
22
22
22
22
22
22
22
2
2
0
0
0
2
2
2
2
2
2
2
2
2
18
18
5
5
5
5
5
5
5
5
5
5
5
5
5
5
5
5
5
5
5
5
5
5
5
5
5
5
5
5
5
5
5
5
5
5
5
5
5
5
5
5
5
5
5
5
5
5
5
5
5
5
5
5
5
5
5
20
20
1
1
1
1
1
1
1
1
1
1
1
1
1
1
1
1
1
1
1
1
1
1
1
1
1
1
1
1
1
1
1
1
1
1
1
1
1
1
1
1
1
0
0
0
73
12
4
4
11
11
11
11
0
0
1
2
0
0
0
1
1
1
5
5
5
5
5
16
16
16
16
16
16
16
16
16
16
1
1
5
5
16
16
16
16
16
16
16
1
1
1
0
0
0
0
0
22
5
5
5
5
5
5
5
5
5
5
5
5
5
5
5
5
5
5
5
5
5
5
5
0
22
2
2
0
1
1
0
0
0
54
54
54
1
1
0
0
13
13
13
13
13
13
13
13
13
13
13
13
13
13
13
2
2
0
0
20
20
20
1
29
29
29
29
0
0
4
4
4
4
4
4
4
4
4
4
4
4
4
11
11
11
11
11
11
11
11
11
11
11
11
11
1
1
1
1
9
9
9
9
9
2
2
0
0
0
5
5
5
5
5
5
5
5
5
16
16
16
16
16
16
16
16
16
16
