1
1
6
6
6
2
2
0
0
2
2
57
57
57
57
57
57
57
57
3
3
3
3
3
3
2
2
2
2
2
0
0
2
2
2
2
57
57
57
57
57
57
57
57
57
57
0
19
19
19
0
57
57
57
57
57
57
0
0
0
0
0
0
57
57
57
6
6
6
6
6
6
6
6
6
6
6
6
6
6
6
6
6
6
1
1
1
1
1
57
57
37
37
37
37
37
37
37
37
37
37
37
37
6
6
6
6
6
6
6
6
6
6
6
6
6
6
6
6
1
1
1
1
1
0
0
50
50
50
50
50
50
50
50
50
1
1
11
11
11
11
11
11
11
9
9
1
1
1
1
1
1
1
1
1
1
1
1
1
1
1
1
1
1
1
1
1
1
1
1
1
6
6
6
6
6
6
6
6
6
6
6
6
6
6
6
2
2
2
2
2
2
4
4
4
4
4
4
4
4
4
4
4
4
4
4
4
4
4
4
4
4
4
4
4
4
1
1
1
1
1
2
2
2
2
2
2
2
2
2
2
2
2
2
2
2
2
2
2
2
2
101
101
101
101
101
101
101
101
101
64
64
64
64
64
64
64
1
1
1
1
1
1
1
1
