0
0
18
18
18
18
18
24
24
24
24
24
24
24
24
24
24
12
12
12
15
15
1
1
1
1
23
23
2
2
2
0
0
0
3
3
3
1
1
1
1
1
12
12
23
23
23
23
12
12
12
2
2
2
0
0
2
2
2
2
1
1
2
2
0
0
0
3
3
3
3
0
1
1
2
60
60
60
60
60
4
4
4
4
4
4
4
4
3
3
14
14
18
18
18
23
23
3
3
1
1
1
2
2
0
0
2
2
2
2
2
2
2
2
2
2
7
7
7
7
3
3
3
1
1
1
3
3
2
2
1
1
1
1
3
3
23
12
12
0
0
8
8
0
0
50
50
50
50
50
50
50
50
50
50
50
50
50
50
1
1
23
0
0
0
7
7
7
7
7
7
7
7
7
1
1
1
1
1
0
0
7
7
7
7
0
0
7
7
7
1
1
23
23
23
23
23
23
23
23
23
23
23
23
23
23
23
8
8
0
0
0
6
6
6
6
6
6
1
1
3
3
2
2
0
0
0
0
0
0
0
1
1
1
1
1
3
3
2
2
0
0
0
0
0
0
0
0
0
2
2
2
2
0
0
0
1
1
3
3
3
3
1
1
0
0
2
2
2
2
2
1
1
1
1
1
1
1
1
1
1
1
1
3
3
3
3
2
2
2
2
1
1
3
0
6
6
6
6
6
6
6
2
4
4
4
4
4
0
0
2
2
2
2
2
2
2
2
2
2
2
2
2
2
2
2
2
2
2
2
2
2
2
2
2
2
2
2
0
0
1
1
0
0
6
6
6
6
6
6
6
6
6
6
6
6
6
6
1
1
2
2
0
0
0
0
1
1
0
6
6
6
6
1
1
0
6
6
6
6
6
6
23
1
1
0
0
0
0
0
1
1
0
0
6
6
6
6
6
6
6
6
6
6
6
6
6
6
6
6
6
6
1
4
4
4
4
4
4
4
4
4
4
4
4
4
4
4
4
4
4
1
1
1
1
1
1
1
1
1
1
15
15
15
15
23
23
0
0
6
6
6
6
6
6
6
6
6
6
1
1
4
4
4
4
4
4
4
4
4
4
4
4
4
4
4
4
4
4
4
4
4
4
4
4
4
4
4
4
4
4
4
4
4
4
4
4
4
4
4
4
4
4
0
0
6
6
6
6
6
6
6
6
6
6
6
6
6
6
6
6
6
0
0
0
0
0
0
7
7
7
7
7
7
7
7
7
7
48
48
48
48
48
48
0
7
7
7
7
7
7
7
1
1
1
1
1
0
0
7
7
7
7
7
7
7
7
7
7
7
7
7
7
7
7
7
7
7
7
7
7
7
7
7
7
7
1
1
1
1
6
6
6
6
6
6
6
6
6
6
6
6
6
6
6
6
6
6
6
6
6
6
6
6
6
6
6
6
6
6
6
6
6
6
6
6
6
6
0
0
7
7
7
7
7
7
7
7
7
7
7
7
7
4
4
4
4
4
4
4
4
4
4
4
4
4
4
4
4
4
4
4
4
4
4
4
4
4
4
4
4
4
4
4
4
4
4
4
4
4
4
4
4
4
4
4
4
4
0
4
4
4
4
4
4
4
4
4
4
4
4
0
4
4
4
4
4
4
4
4
4
4
4
4
4
4
4
4
4
4
4
0
0
4
4
4
4
4
4
4
4
4
4
4
4
4
4
4
11
11
11
3
3
3
3
3
3
2
2
1
1
1
1
0
4
4
4
4
4
4
4
4
4
4
4
4
4
4
4
4
4
4
4
4
4
4
4
4
4
4
4
4
4
4
4
4
4
4
4
4
4
4
4
4
4
4
4
4
4
