15
15
15
0
0
1
1
1
1
1
0
0
0
1
1
1
2
2
2
0
0
0
0
0
2
2
2
2
2
2
0
0
0
1
1
1
3
3
1
1
1
1
1
10
10
10
10
20
20
20
20
0
0
0
0
1
1
0
0
0
0
0
0
0
1
1
1
1
15
76
76
0
0
1
0
0
1
20
0
0
1
1
0
0
0
0
29
29
29
29
29
0
0
0
1
1
1
1
1
1
1
36
36
0
0
0
21
21
21
21
21
21
21
21
1
0
29
29
29
29
29
29
29
29
29
29
29
29
29
29
29
29
29
29
29
29
29
29
29
29
29
29
29
29
29
29
29
29
29
29
29
29
29
29
29
29
29
29
29
29
29
29
29
29
29
29
29
29
29
29
29
29
29
29
29
29
0
0
32
32
36
36
36
36
36
36
36
53
53
53
53
53
53
53
53
53
53
76
76
5
5
5
5
5
5
5
5
5
5
5
5
5
5
1
0
76
2
0
0
0
0
0
3
3
3
3
0
0
2
2
0
0
0
3
3
1
1
1
1
1
1
1
0
0
0
0
0
0
0
1
1
1
0
0
0
0
9
9
9
9
1
1
1
0
0
1
1
0
0
0
0
0
0
0
0
0
0
1
0
0
0
0
29
29
29
29
29
29
9
9
9
9
21
0
0
36
36
36
1
1
1
23
23
23
29
29
29
29
29
29
29
29
29
29
29
29
29
29
29
0
0
30
36
36
36
36
29
29
29
29
29
29
29
29
29
29
29
29
29
29
29
29
29
29
29
29
29
29
29
29
29
29
29
29
29
29
29
0
0
1
1
29
29
29
29
29
29
29
29
29
0
0
1
1
1
1
1
32
32
36
36
36
36
36
36
36
53
53
53
0
5
5
5
5
5
5
5
5
5
5
5
5
5
5
5
9
9
0
0
1
1
0
0
0
0
0
1
0
0
7
7
7
7
7
36
36
7
7
7
7
1
0
0
1
1
1
1
1
1
1
1
1
1
1
1
1
1
1
1
1
1
1
1
21
21
21
21
21
21
21
21
21
21
21
21
21
21
21
21
21
21
21
21
21
36
36
36
36
36
0
7
7
7
7
1
1
36
36
36
36
36
36
36
36
36
36
36
36
36
36
36
0
0
0
0
54
54
30
30
30
30
30
30
30
30
30
30
30
30
30
30
30
30
30
30
30
30
30
30
30
30
30
30
30
1
1
1
1
0
0
30
30
30
30
30
30
0
30
30
30
30
30
30
30
30
30
30
30
30
30
30
0
0
0
0
0
0
30
30
30
30
30
30
30
0
0
0
0
0
30
30
30
30
30
30
30
30
36
36
36
36
36
36
36
36
36
36
36
36
36
36
36
36
36
36
36
36
36
36
39
1
1
1
1
1
1
0
0
0
2
2
0
0
9
9
1
1
1
0
0
0
0
0
0
0
0
0
0
0
0
0
0
0
0
0
0
0
1
0
0
5
5
5
5
5
5
5
5
5
5
5
30
30
30
30
30
30
30
30
30
30
5
5
5
5
5
5
5
5
5
5
5
5
5
0
0
0
0
30
30
30
30
30
30
30
30
30
30
30
12
12
4
4
4
4
4
4
4
4
4
4
4
4
4
4
4
4
4
4
4
4
4
15
15
15
15
15
15
15
15
2
10
10
2
2
2
2
2
2
48
48
48
1
1
1
1
0
0
0
0
0
0
5
5
5
5
30
30
30
30
30
30
30
30
30
30
30
30
30
30
30
30
30
30
30
30
30
30
30
30
30
30
30
30
30
30
30
30
30
30
30
30
30
30
30
0
0
30
30
30
30
30
30
30
30
30
30
30
30
30
30
30
30
30
30
30
30
30
30
30
30
30
30
30
30
30
30
30
30
30
30
12
12
4
4
4
15
15
15
2
2
10
10
10
10
10
1
1
1
2
2
2
1
1
1
0
0
0
0
0
1
1
1
3
3
1
1
1
1
1
1
1
0
0
0
0
2
2
2
1
1
1
1
1
3
3
3
0
0
0
0
0
0
0
0
0
0
0
0
2
2
1
1
1
1
3
3
0
0
0
2
1
1
3
3
0
0
29
29
29
29
2
2
1
3
3
0
0
0
0
0
0
2
2
1
1
1
1
1
1
3
0
1
1
1
0
2
1
3
0
9
9
0
0
1
1
1
1
1
1
1
1
0
0
0
0
1
1
0
0
21
21
21
21
4
4
4
4
4
4
4
4
4
4
4
4
4
9
9
4
4
4
4
4
4
4
4
4
4
4
4
4
4
4
4
4
4
4
1
1
1
1
1
12
4
4
4
4
4
15
2
0
0
3
3
2
2
2
2
12
12
88
88
88
88
88
88
88
88
88
88
2
1
1
49
49
49
49
49
49
49
49
49
49
49
49
49
49
49
49
49
49
49
49
49
49
49
49
4
4
4
4
4
4
12
4
4
4
4
4
4
4
4
4
4
4
4
4
4
4
4
4
4
4
4
4
15
4
4
