2
2
0
0
1
1
1
2
2
0
0
0
0
3
3
0
0
2
2
2
2
2
2
2
2
7
7
7
7
7
7
7
20
20
20
20
7
7
7
20
20
20
20
20
20
7
7
20
20
20
20
20
20
20
7
7
7
7
20
20
20
20
20
1
2
2
0
7
7
7
1
1
2
2
2
0
0
7
7
7
7
7
7
7
64
64
0
19
19
19
19
19
19
19
19
19
19
19
19
19
19
19
19
19
19
19
1
1
1
0
0
0
0
0
0
1
1
2
2
2
2
2
2
2
2
2
7
7
7
7
7
7
7
1
1
1
1
1
29
29
29
29
29
1
0
0
2
2
2
7
7
7
7
7
7
1
1
1
1
1
0
0
7
7
7
7
3
1
1
0
0
0
2
2
12
12
24
24
24
24
24
24
15
3
3
1
1
0
0
1
0
0
0
79
79
79
79
79
79
12
12
96
96
96
0
0
20
20
2
2
2
12
15
20
20
3
7
7
7
7
7
7
7
6
6
6
6
6
6
6
6
6
6
6
6
6
6
7
7
7
7
6
6
6
6
6
6
6
6
6
6
6
6
7
7
7
6
6
6
6
6
6
6
6
6
6
6
6
6
6
1
1
2
2
0
0
0
0
0
0
7
7
7
7
7
1
1
1
1
1
61
61
0
0
1
1
1
1
3
3
6
6
6
6
6
6
6
6
6
6
6
6
6
6
6
7
7
7
6
6
6
6
6
6
6
6
6
6
6
6
6
6
6
6
6
6
6
6
6
6
6
6
6
6
0
0
7
7
6
6
6
6
6
6
6
6
6
6
6
6
6
6
6
6
6
0
0
0
7
7
7
6
6
6
6
6
6
6
6
40
40
40
40
40
40
40
40
40
40
40
40
40
40
40
40
40
40
40
40
40
40
9
9
40
40
40
40
40
40
1
1
6
6
6
6
6
6
6
7
7
7
6
6
6
6
6
6
6
6
6
6
6
6
6
6
6
6
6
6
6
6
6
6
6
0
7
7
1
1
6
6
6
6
6
6
6
6
6
6
6
6
6
6
40
40
40
40
40
40
40
40
40
40
40
40
40
6
6
6
6
6
6
6
40
40
40
40
40
40
40
0
0
0
0
0
0
0
0
0
0
0
0
0
0
0
0
0
0
0
0
0
0
9
9
40
40
40
40
40
40
40
40
40
40
40
40
40
40
40
40
40
9
9
9
9
9
40
40
40
40
40
40
40
40
40
40
40
40
40
40
40
40
40
40
40
40
40
40
40
40
40
40
40
40
40
40
40
40
40
40
40
40
40
40
40
40
40
40
40
40
40
40
40
40
40
40
40
40
40
40
40
40
40
40
40
40
40
40
40
40
40
40
40
40
40
40
40
40
40
40
40
40
40
40
40
40
40
40
40
40
40
40
40
40
40
40
40
40
40
40
40
40
40
40
40
40
40
40
40
40
40
40
40
40
40
40
40
40
40
40
40
40
40
40
40
40
40
40
40
40
40
40
40
40
40
40
40
40
40
40
40
40
40
0
0
0
0
0
0
0
0
0
0
40
40
40
40
40
40
40
40
40
40
40
40
40
40
40
40
40
40
40
40
0
0
1
1
9
9
9
