4
4
4
4
4
4
4
4
4
4
4
2
2
4
4
4
4
3
3
0
0
2
2
2
4
4
4
4
4
4
4
4
4
4
4
4
4
4
4
4
4
4
4
4
4
4
4
4
4
4
4
4
4
4
4
4
4
4
4
4
4
4
4
3
0
0
2
2
4
4
4
4
4
4
4
4
2
2
4
4
4
4
4
4
4
4
4
4
3
0
0
0
1
1
12
13
13
0
0
1
1
2
0
0
0
0
0
3
3
2
2
1
1
5
5
5
5
5
5
5
5
5
5
5
5
5
5
5
0
0
1
2
2
3
0
12
12
4
4
4
4
4
4
4
4
4
4
4
4
4
4
4
4
4
4
4
4
4
4
4
4
4
4
4
4
4
4
4
4
3
3
0
0
2
2
10
10
10
8
8
8
8
8
8
2
2
4
4
4
4
4
4
4
4
4
4
4
4
4
4
4
4
4
4
4
4
4
4
4
4
4
4
4
4
4
4
4
4
4
4
4
4
4
4
4
4
4
4
4
4
4
4
4
2
2
0
0
0
79
79
79
2
0
0
2
2
2
2
7
7
7
7
7
7
7
7
7
2
2
3
28
28
37
37
37
37
37
37
37
37
37
37
37
37
37
37
37
37
37
23
23
23
23
23
23
23
23
23
23
23
23
23
2
2
15
15
2
2
18
18
18
18
18
18
18
18
18
18
18
18
18
18
18
18
18
18
18
18
18
18
18
18
96
96
2
2
69
69
69
3
3
3
3
0
0
2
1
22
22
22
22
22
22
3
2
3
3
3
2
3
7
7
7
7
7
7
7
7
7
7
7
7
7
7
1
1
3
0
2
7
7
2
2
2
2
2
2
2
2
2
7
7
7
7
7
7
7
7
7
7
7
7
7
0
31
8
8
8
8
31
31
31
31
31
31
31
31
31
7
7
7
7
7
7
7
7
7
3
3
0
0
0
1
1
1
1
1
6
6
6
6
6
6
6
6
6
6
6
6
14
14
14
0
0
1
1
1
1
1
6
6
6
6
6
6
6
6
6
6
6
6
6
6
6
6
6
6
4
4
4
4
4
4
12
12
12
12
4
4
4
4
4
4
15
15
4
4
4
4
4
4
4
4
4
4
4
3
3
6
6
6
6
6
6
6
6
6
6
6
6
6
6
6
6
6
6
6
6
6
6
6
6
6
6
6
0
0
0
2
2
0
0
0
0
0
22
22
22
22
22
6
6
6
6
6
6
6
6
6
6
14
14
0
0
0
1
13
13
15
18
18
18
18
18
18
18
18
18
18
2
2
7
7
7
7
7
7
0
0
60
60
60
60
60
2
2
0
3
7
7
7
3
3
2
3
