0
0
0
0
0
0
0
0
0
0
2
3
2
2
3
3
2
3
1
1
1
13
13
13
2
2
2
2
2
3
3
3
3
7
7
7
7
7
7
7
7
7
0
0
0
5
5
5
7
7
7
7
0
0
0
7
7
7
7
7
7
7
46
46
46
46
46
46
46
46
2
2
0
3
0
1
5
5
0
0
0
0
1
0
0
3
1
1
1
0
0
0
12
12
4
4
4
4
4
4
4
4
4
4
4
4
15
15
15
0
0
0
4
4
15
15
15
15
15
1
1
1
12
12
12
0
0
0
5
5
5
5
4
4
5
5
5
5
5
5
5
5
5
5
5
5
5
5
5
5
5
5
5
5
5
5
5
5
5
5
5
5
5
5
5
5
5
5
5
5
5
5
5
5
5
5
5
5
5
5
5
5
5
5
5
5
5
5
5
5
5
5
5
5
5
5
5
5
5
5
5
5
5
5
5
5
5
5
5
5
5
5
5
5
5
5
5
5
5
5
5
5
5
5
5
5
5
5
5
5
5
5
5
5
5
0
0
0
0
1
1
1
1
1
13
13
2
2
1
1
4
4
4
4
4
4
4
4
4
4
4
2
2
4
4
4
4
4
4
4
4
4
3
3
2
2
2
2
2
2
2
2
0
0
2
2
4
4
4
4
5
5
5
5
5
4
4
5
5
5
5
5
5
3
3
69
3
3
2
2
5
5
5
5
14
14
2
2
1
1
1
30
30
5
5
5
5
5
2
5
5
5
5
6
6
6
4
3
1
1
4
4
4
4
4
4
4
4
4
2
4
4
4
4
4
4
3
3
4
4
4
4
2
4
4
2
2
2
2
2
2
2
2
3
3
3
3
0
2
25
25
25
25
25
25
28
28
14
14
14
14
14
25
25
25
25
0
0
6
6
6
6
6
6
10
7
7
7
7
7
7
7
7
1
1
0
0
6
6
6
6
6
6
6
26
26
26
26
1
1
1
1
1
1
1
1
1
1
1
1
1
1
1
1
1
1
1
1
14
14
14
14
14
14
14
14
14
2
14
3
5
5
25
25
23
23
16
16
16
16
23
23
23
16
16
16
16
16
16
25
25
25
13
13
13
13
25
25
25
25
25
25
25
25
6
6
6
6
6
1
1
6
6
6
6
6
6
6
6
6
6
6
6
6
6
6
6
6
6
6
6
6
6
6
6
6
6
6
2
4
4
4
4
4
4
4
4
4
4
4
4
4
4
4
4
4
4
4
4
4
4
3
4
4
4
4
4
4
4
4
4
2
2
2
2
2
2
2
2
4
4
4
4
4
4
4
2
2
2
2
6
6
6
6
6
6
6
6
6
6
6
6
6
6
6
6
6
6
6
6
2
2
4
4
4
4
4
4
4
4
4
4
4
4
4
4
4
4
4
4
4
4
4
4
4
4
3
3
2
2
2
11
11
11
11
11
11
11
11
11
11
11
0
5
5
5
5
5
5
5
5
5
5
5
5
5
5
5
5
5
5
5
5
5
5
5
5
5
5
5
5
5
5
5
5
5
5
5
5
5
5
5
5
5
5
5
5
5
5
5
5
5
5
5
5
5
5
9
9
9
9
9
9
5
5
5
5
5
5
5
5
5
5
5
2
22
22
3
3
2
2
2
0
0
2
2
2
2
4
4
4
4
4
4
4
4
4
4
4
3
3
5
5
5
5
5
5
0
0
26
26
26
26
26
26
26
26
26
26
26
26
26
26
26
26
26
26
26
26
26
26
26
26
26
26
26
26
26
26
26
26
26
26
26
26
26
26
26
26
26
26
26
26
26
26
26
0
0
0
0
0
26
26
26
26
26
26
26
26
26
26
26
26
26
26
26
26
26
26
26
26
26
26
26
26
26
26
26
26
26
26
26
26
26
26
26
26
26
26
26
26
26
26
26
26
26
26
26
26
26
26
26
26
26
26
26
26
5
26
26
26
26
26
26
26
26
26
26
26
26
26
26
26
26
26
26
26
26
26
26
26
26
26
26
26
26
26
26
26
26
26
5
5
5
5
5
5
5
5
5
5
5
5
5
5
5
5
5
5
5
5
5
5
5
5
5
5
5
5
5
5
5
5
5
5
5
5
5
5
5
5
5
5
5
5
5
5
5
5
5
5
5
5
5
5
5
5
5
5
5
5
5
5
5
5
5
5
5
5
5
5
5
5
5
5
5
5
5
5
5
5
5
5
5
5
5
5
5
5
5
5
5
5
5
5
5
0
0
0
1
1
1
1
1
1
1
5
5
5
1
1
1
1
5
5
5
5
6
6
6
2
2
6
6
6
6
6
6
6
6
3
3
3
8
8
8
8
8
8
8
8
8
8
8
8
1
1
2
2
2
2
2
2
0
0
0
0
0
0
0
0
0
1
1
1
1
1
1
1
1
1
1
1
1
35
35
35
35
35
35
35
4
48
48
48
48
48
6
6
6
6
6
48
48
48
48
48
48
48
48
48
48
1
5
5
5
5
5
5
5
5
5
5
5
5
5
5
5
5
5
5
5
5
5
5
1
1
1
2
2
6
6
6
6
4
4
4
4
6
3
3
2
2
2
69
69
69
69
3
3
3
3
3
8
8
8
8
8
8
2
2
2
2
2
2
0
0
0
0
0
0
0
0
0
12
12
4
4
4
15
15
5
5
5
5
5
5
5
5
5
5
5
1
1
1
1
1
1
1
6
6
6
6
6
6
6
6
6
6
6
3
3
2
2
69
69
3
3
3
3
3
2
3
21
21
21
21
21
21
21
21
21
21
6
6
6
6
6
6
6
6
6
6
6
6
6
21
21
21
21
21
21
21
2
7
7
7
7
7
7
7
7
6
6
6
6
25
25
25
25
6
6
6
6
6
6
6
25
25
25
4
4
4
4
2
2
4
4
4
4
2
4
4
4
4
4
4
4
4
4
2
2
4
4
4
4
4
4
4
4
4
