1
1
0
0
2
2
1
1
1
0
0
4
4
4
4
1
1
1
0
1
1
0
0
4
4
1
1
0
0
0
0
4
4
4
4
4
4
1
1
1
1
1
1
0
0
4
4
4
4
4
1
1
1
1
1
0
0
8
8
8
8
8
8
8
8
8
8
8
8
1
1
1
1
0
0
0
2
2
2
2
2
2
2
2
2
2
2
2
4
4
4
4
4
4
22
22
22
22
22
22
22
22
22
22
3
3
0
0
4
4
4
4
1
1
1
3
3
3
3
3
3
0
0
0
0
0
0
0
2
2
1
1
1
1
1
1
1
1
0
1
1
1
1
1
0
0
0
55
4
4
4
0
0
1
1
4
4
4
4
4
4
4
4
4
4
4
4
4
1
1
1
4
4
4
4
4
4
4
4
4
4
0
0
4
4
4
4
4
4
4
4
4
4
4
4
0
4
4
4
0
0
86
86
4
4
4
4
4
4
4
8
8
8
8
8
8
8
8
8
8
8
8
8
55
55
55
4
4
4
4
4
4
4
4
4
4
4
4
4
4
4
4
4
4
13
13
4
4
9
9
9
9
9
9
4
4
4
4
4
4
4
4
4
4
13
4
4
4
21
21
21
21
4
4
4
4
4
4
4
4
4
4
4
4
4
4
4
4
4
4
4
4
4
4
4
4
4
4
4
4
4
8
8
8
13
4
4
4
13
15
15
4
4
4
4
4
4
4
4
4
4
4
4
4
13
13
13
1
1
8
13
13
4
4
4
4
4
4
13
0
0
4
4
4
1
1
1
4
4
4
4
1
1
2
2
0
0
0
1
1
1
1
1
1
1
1
2
2
1
1
3
3
15
15
