42
42
42
12
12
1
1
1
0
0
2
2
1
1
7
7
7
7
7
7
7
7
7
7
7
7
7
7
1
1
9
9
1
1
1
1
1
1
1
1
1
1
1
1
1
1
1
1
1
1
1
0
0
4
4
4
2
2
2
35
35
35
35
35
35
35
35
35
3
3
2
2
2
2
9
9
9
9
9
0
0
1
1
1
0
0
4
4
4
1
1
4
4
4
4
4
4
1
1
1
1
1
1
0
0
9
9
9
9
9
9
9
73
73
1
1
1
9
9
9
9
9
9
9
9
9
0
0
4
4
4
4
4
4
4
4
1
1
1
1
1
1
1
1
3
3
3
3
0
0
0
4
4
4
1
1
1
1
1
3
3
3
0
1
1
9
9
9
1
1
1
1
1
2
2
1
1
1
1
1
1
1
3
3
0
4
4
4
4
4
4
4
4
8
8
3
2
3
3
3
2
2
2
2
2
2
2
1
1
1
1
1
1
1
1
3
3
4
4
4
4
8
8
8
4
4
4
4
4
4
4
8
8
8
8
55
4
4
4
4
4
4
4
4
86
86
0
0
55
55
91
91
91
91
91
21
21
21
4
4
4
4
4
4
4
4
4
4
4
4
4
4
4
55
55
91
91
21
21
4
4
4
4
4
4
4
4
4
4
4
4
4
4
4
4
4
4
4
55
91
91
21
21
44
44
4
4
4
4
4
4
4
4
4
4
4
4
4
4
4
4
4
4
4
4
4
4
4
4
4
4
4
4
55
91
91
91
21
21
21
1
4
4
4
4
4
4
4
4
4
4
4
4
4
4
4
4
4
4
4
4
4
4
4
4
4
4
4
4
4
4
4
4
4
55
55
91
91
91
21
21
21
4
4
4
4
4
4
4
4
4
4
4
4
4
4
4
4
4
4
4
4
4
4
4
4
4
4
4
4
4
4
4
4
4
4
4
4
4
4
4
4
4
4
15
21
21
21
4
4
4
8
8
8
8
8
12
12
21
21
21
21
1
1
1
0
0
4
4
4
4
2
3
3
3
3
3
0
0
0
0
0
0
0
0
0
0
0
1
1
1
1
1
1
1
1
1
0
0
0
