42
42
42
2
2
0
0
0
0
0
12
4
4
4
15
4
4
4
2
2
0
0
1
1
2
2
1
1
1
3
12
12
12
12
3
3
4
4
4
2
2
2
2
2
0
0
0
0
0
0
1
1
1
0
0
0
0
0
0
0
0
0
0
0
0
0
0
0
0
3
3
3
2
2
2
0
5
5
5
5
1
1
0
0
2
2
7
7
7
7
1
1
0
0
0
1
1
1
1
3
3
3
2
2
0
0
0
1
1
1
2
2
2
0
0
0
1
1
38
38
38
1
1
57
57
57
57
2
2
1
1
1
1
2
2
2
2
1
1
1
1
3
3
3
1
0
2
2
4
4
4
4
4
4
4
0
0
4
4
4
4
4
4
4
4
4
0
0
0
0
5
5
5
5
5
5
4
4
4
4
4
4
0
0
0
0
0
0
0
0
0
0
0
0
0
0
0
0
0
0
4
4
4
4
4
4
4
4
4
4
4
4
4
4
4
4
4
4
4
4
4
4
4
4
4
4
4
4
4
4
4
4
4
4
4
4
3
3
21
21
0
0
0
0
0
0
0
0
7
7
7
2
2
2
2
2
1
1
1
3
3
3
3
3
0
0
0
0
0
0
0
38
38
59
59
59
0
0
0
0
0
12
12
4
4
4
15
0
0
5
5
10
10
4
4
4
4
4
4
4
4
12
4
4
4
15
1
1
59
59
59
59
59
59
59
3
3
5
5
5
5
5
5
5
5
5
5
5
5
5
5
5
0
0
0
0
0
0
0
0
0
0
0
0
0
0
0
0
0
0
0
0
0
0
0
0
0
0
0
5
5
5
5
5
5
5
5
5
5
5
5
5
5
5
5
0
0
0
0
0
0
0
0
0
0
0
0
0
0
0
0
0
0
0
0
0
0
0
2
4
4
4
4
4
3
0
0
0
0
0
0
0
0
0
0
0
0
2
2
2
2
2
2
0
0
0
0
0
0
0
0
0
0
0
0
0
0
0
1
1
1
1
1
12
4
4
4
15
66
66
66
66
66
66
66
66
66
66
0
0
0
0
8
8
1
1
1
1
2
4
3
4
4
0
5
5
5
5
5
5
5
5
5
5
5
5
5
8
8
0
0
0
0
0
1
1
1
1
1
1
1
1
1
1
1
1
12
2
0
0
0
2
2
111
111
111
6
6
39
39
15
15
15
15
2
2
20
20
20
20
20
20
0
0
0
0
0
0
0
1
1
1
1
1
3
3
9
9
9
0
0
0
0
0
21
21
0
0
0
0
0
0
0
0
0
77
77
77
77
77
77
77
77
77
77
77
0
0
4
4
4
4
4
4
4
4
4
4
4
4
4
4
4
4
4
4
4
4
4
4
4
4
4
4
4
4
4
4
4
5
5
5
5
5
5
5
5
5
5
5
5
5
5
5
5
5
5
5
5
1
1
1
5
5
5
5
5
5
5
5
5
5
5
5
5
5
5
5
5
5
5
5
5
5
5
5
1
1
1
4
4
4
4
2
2
0
0
0
0
0
0
0
48
48
48
14
14
14
14
14
14
1
1
16
16
16
16
16
16
16
16
16
16
16
16
16
16
16
16
16
16
16
16
0
0
5
5
5
5
5
5
5
5
5
5
5
5
5
5
5
5
5
5
5
5
5
5
5
0
0
0
8
8
13
13
4
4
4
4
4
0
0
0
1
1
4
4
4
4
0
0
2
2
0
0
0
2
2
0
0
19
19
19
19
19
19
19
19
19
19
19
19
19
0
0
0
19
19
19
19
19
19
19
19
19
19
19
19
19
19
19
19
19
19
19
19
19
19
19
19
19
19
1
1
10
10
10
10
10
10
10
10
10
10
10
10
10
10
10
10
10
10
10
10
10
10
10
10
10
1
1
1
2
2
0
7
7
7
7
7
6
6
6
6
6
7
7
7
7
7
7
7
7
1
1
6
6
6
6
6
39
39
7
7
7
6
6
6
6
6
6
6
39
39
3
3
2
2
2
2
0
0
3
3
2
2
2
0
2
2
0
0
39
39
39
2
2
0
0
0
0
0
1
1
1
1
1
1
1
1
4
4
4
4
4
4
2
2
1
1
3
3
2
2
2
20
20
20
20
20
20
20
20
1
1
1
0
0
0
0
0
0
16
16
16
16
16
16
16
16
16
16
16
16
16
16
16
5
5
5
5
5
5
5
5
5
0
0
1
1
1
1
1
1
1
0
0
12
12
12
12
12
12
12
12
12
12
2
0
0
0
0
0
1
1
9
9
9
51
51
0
0
9
9
9
9
9
9
9
9
9
9
9
9
9
1
1
1
12
13
13
4
4
4
4
2
0
0
0
0
0
0
0
0
0
3
3
3
0
0
0
0
1
1
1
1
1
1
1
1
29
29
4
4
4
4
2
2
20
20
20
20
20
20
20
20
20
20
20
0
0
0
0
0
0
0
0
1
1
1
1
1
1
1
1
1
1
1
1
1
1
1
1
1
1
0
0
1
1
35
35
35
17
17
23
23
23
23
23
23
5
5
5
5
5
5
5
5
5
5
5
17
9
9
7
7
7
5
5
5
5
5
5
0
0
1
1
1
0
0
6
6
6
6
6
6
6
6
6
6
1
1
1
1
1
2
19
19
19
19
19
19
19
19
0
0
19
19
19
19
19
19
19
19
19
19
19
19
19
19
19
19
19
19
19
19
19
19
19
19
19
19
19
1
1
1
6
6
6
6
6
6
6
6
6
6
6
6
6
6
17
17
6
6
6
6
6
6
6
6
6
6
1
1
1
23
23
23
23
23
23
23
7
7
7
7
6
6
6
6
6
6
6
6
6
6
6
6
1
1
1
1
1
1
1
1
1
1
1
1
1
15
15
1
1
2
2
2
2
4
4
4
1
1
1
1
1
1
1
1
1
1
1
1
1
1
1
1
1
1
1
1
1
1
1
1
1
1
1
1
1
1
1
1
1
1
1
1
1
1
1
1
1
1
3
3
2
2
1
1
1
3
3
3
3
2
2
2
2
1
1
1
1
1
1
1
1
1
1
1
1
1
0
0
1
1
1
1
1
5
5
5
5
5
5
8
8
1
1
2
2
2
2
2
0
0
0
0
0
0
0
0
0
0
0
2
2
1
1
2
2
3
3
12
12
12
12
12
12
3
3
0
0
91
91
91
4
4
4
4
1
1
0
0
0
14
14
14
7
7
7
7
7
7
7
7
7
7
7
3
3
7
7
7
6
6
6
6
6
6
6
6
6
6
6
6
6
6
6
6
6
6
6
6
6
6
6
6
7
7
7
0
0
6
6
6
6
6
6
6
6
6
6
6
6
39
39
39
1
1
1
0
0
1
1
1
1
1
1
1
1
1
1
1
1
1
1
3
3
4
4
4
4
4
4
4
4
4
9
9
8
8
0
0
0
0
0
0
0
0
0
0
0
0
0
0
0
0
0
0
2
2
4
4
3
4
4
4
4
2
2
2
2
2
1
1
12
0
0
0
0
0
0
0
8
8
8
8
8
2
2
4
4
3
0
0
4
4
4
4
1
1
1
1
1
1
2
2
3
3
0
0
1
1
1
1
2
4
4
4
3
2
1
1
0
0
0
0
0
0
0
0
2
2
0
0
0
0
0
0
3
3
1
1
1
4
4
4
4
4
1
1
15
15
