42
42
2
2
2
0
0
0
0
0
0
1
2
2
2
2
0
0
0
0
37
37
37
0
0
0
0
0
0
23
23
23
23
0
0
0
0
0
1
1
23
23
10
10
10
10
10
10
1
1
5
5
5
5
5
5
5
5
5
5
5
5
5
8
8
9
9
1
0
0
3
3
9
9
1
1
0
0
0
0
0
0
0
0
0
0
0
0
0
0
0
0
0
5
5
5
5
5
5
5
5
5
1
1
0
0
1
1
0
0
5
5
5
5
0
0
0
0
0
5
5
5
5
0
5
5
5
5
5
5
5
5
0
0
5
5
5
5
5
5
5
5
2
2
0
0
1
1
1
1
1
45
45
45
45
45
45
0
0
0
0
9
9
9
9
20
20
20
20
1
1
0
0
1
1
0
0
0
0
1
1
1
6
6
6
6
6
6
6
23
23
23
23
23
23
23
23
23
23
23
23
23
23
23
1
1
1
1
1
1
1
1
1
1
1
1
0
0
0
22
1
1
1
1
1
1
1
1
1
1
1
1
1
1
1
1
1
1
1
1
1
1
1
1
1
1
1
1
1
1
1
1
1
1
1
1
45
45
45
45
45
1
1
1
1
1
1
1
1
1
1
1
1
1
1
1
1
1
1
1
1
1
1
1
1
1
9
9
9
9
1
1
1
1
1
1
1
1
1
45
45
45
45
45
45
0
0
0
0
9
9
9
9
1
1
1
2
2
0
0
0
1
1
1
1
1
1
1
1
1
1
1
1
1
1
1
2
2
0
0
6
6
6
6
6
6
6
6
6
6
6
6
6
6
6
6
6
6
6
6
6
6
6
6
6
6
6
6
6
1
1
1
1
1
1
1
0
0
0
0
31
31
31
31
1
1
31
31
31
31
31
31
31
31
7
7
7
7
7
7
7
6
6
6
6
6
6
6
6
6
6
6
6
6
6
6
6
6
6
6
6
6
6
6
6
6
6
6
6
6
6
6
6
6
6
6
6
6
6
6
6
6
6
6
6
6
6
6
1
1
2
38
38
38
38
1
1
1
1
1
1
1
1
7
7
7
7
7
7
7
7
6
6
6
6
6
6
6
6
6
6
6
6
6
6
6
6
6
6
6
13
13
2
0
0
0
0
0
1
1
9
9
9
1
1
1
6
6
6
6
6
6
6
6
6
6
15
1
1
1
1
1
1
1
1
1
1
0
0
1
1
1
1
1
1
1
1
0
0
