42
42
2
2
2
2
2
2
2
2
2
10
10
10
10
10
10
10
10
10
10
10
1
1
10
10
10
10
10
10
10
10
10
10
10
10
10
10
10
10
10
10
10
10
10
10
10
10
4
4
4
10
10
1
1
10
10
10
10
10
10
10
3
3
1
1
1
10
10
10
10
10
10
1
1
1
10
10
10
10
10
2
2
1
1
1
1
1
0
0
1
1
1
1
1
0
0
0
0
0
1
1
22
22
22
0
0
1
1
1
1
22
22
22
22
0
0
0
0
1
1
1
0
0
0
0
0
0
1
1
1
1
1
1
1
0
0
0
22
22
22
22
22
0
0
0
0
0
1
1
1
1
1
1
1
1
1
1
1
1
1
1
1
1
1
1
1
1
1
1
1
1
1
1
1
1
1
2
2
1
1
1
1
1
1
1
1
1
1
1
1
1
1
1
1
1
1
1
1
1
1
1
3
3
0
0
1
1
2
2
1
1
1
1
0
0
4
4
1
1
1
1
3
3
3
3
0
0
4
4
4
2
2
2
1
1
1
1
1
1
1
1
1
1
1
1
1
1
1
1
1
1
1
2
2
1
1
1
1
3
3
0
0
2
2
0
0
0
0
2
2
0
0
2
0
0
0
2
2
0
0
0
19
19
19
19
19
19
19
19
19
19
19
19
19
19
19
19
1
19
19
19
1
1
2
2
0
0
14
14
7
7
7
7
2
2
2
2
2
0
0
19
19
19
19
19
3
3
3
3
3
3
7
7
7
7
7
19
19
19
19
19
19
19
19
19
19
19
19
19
7
7
7
7
7
7
7
6
6
6
6
6
12
12
12
23
23
23
23
23
23
23
23
23
23
23
23
23
23
23
3
3
3
2
2
0
0
0
0
0
0
0
1
1
1
0
0
0
0
2
7
7
7
7
7
7
7
7
19
19
19
19
19
19
19
19
19
19
19
19
19
19
19
19
19
3
3
3
2
1
1
0
0
0
0
0
0
0
0
0
0
2
2
2
2
2
2
7
7
7
7
7
1
1
3
19
19
19
19
19
19
19
19
19
19
19
6
6
6
6
6
6
6
6
6
6
6
6
6
6
6
6
6
6
6
6
6
6
6
6
2
2
0
0
0
0
0
0
0
55
55
1
1
2
19
19
19
19
19
19
19
19
3
3
74
74
74
74
74
74
74
74
74
1
1
1
12
12
12
17
17
17
17
17
2
2
1
1
3
3
4
4
4
2
2
0
0
2
7
7
7
7
3
21
21
21
21
21
21
21
21
21
21
8
8
9
9
9
9
59
59
59
59
59
59
59
0
0
31
31
31
31
31
61
61
61
22
22
22
22
4
4
4
4
4
4
4
4
4
4
4
4
4
4
4
4
4
4
4
4
4
4
4
4
4
4
4
12
12
4
4
4
4
4
4
4
4
15
0
0
4
4
4
17
17
17
17
17
6
6
6
6
6
6
6
6
6
6
6
6
6
6
6
6
6
6
6
6
6
6
6
6
6
6
6
6
6
6
6
6
14
14
14
14
14
2
2
1
1
1
0
0
0
0
7
7
7
3
3
1
1
1
2
2
2
3
2
2
0
0
0
3
3
3
2
2
0
0
2
2
19
19
19
19
19
19
1
1
1
6
6
6
6
6
6
6
6
6
6
6
6
6
2
2
2
7
7
7
7
3
3
3
2
2
1
3
3
2
2
0
0
0
0
35
35
35
35
35
35
35
17
17
17
17
17
20
20
20
3
3
6
6
6
6
6
6
6
6
6
6
2
2
2
6
6
6
6
6
6
6
6
6
6
6
6
6
7
7
7
6
6
6
6
6
6
6
6
6
6
6
6
6
6
6
6
7
7
7
3
3
1
12
12
12
6
6
6
6
6
6
6
6
6
6
6
6
6
6
6
6
6
6
6
6
6
6
6
6
6
6
6
6
6
6
6
6
6
6
6
6
6
6
6
6
2
2
2
2
0
0
0
9
9
9
7
7
7
7
7
35
35
35
35
35
6
6
6
6
6
6
20
20
20
0
0
0
0
0
0
0
0
0
7
7
7
7
7
7
6
6
6
6
6
6
6
6
6
6
6
6
6
65
65
65
7
7
7
7
7
7
7
7
7
7
7
7
7
7
7
7
7
7
7
7
7
7
7
7
7
7
7
1
1
17
17
35
35
35
35
35
35
35
35
35
35
35
35
35
35
35
35
35
35
35
35
35
35
35
35
35
35
35
35
35
1
1
13
4
4
2
2
2
0
0
0
0
0
0
3
3
3
2
17
17
17
17
17
0
0
0
0
3
3
2
2
0
0
5
5
5
0
5
5
5
5
5
2
2
2
7
7
7
7
7
7
7
7
7
7
2
2
0
0
0
1
1
1
1
1
1
1
1
1
1
1
1
1
1
1
1
1
1
1
1
1
1
1
1
1
1
1
4
4
4
4
3
3
3
3
3
3
3
3
3
3
2
2
0
0
3
3
3
3
3
3
3
28
28
28
28
28
2
2
0
22
22
22
22
22
2
2
3
3
3
3
3
1
1
1
8
8
8
32
32
32
32
32
32
23
23
23
23
23
23
23
12
12
12
12
12
12
12
12
12
12
12
12
12
12
12
2
2
0
1
1
0
0
8
2
1
1
3
0
0
2
2
20
20
20
20
20
20
1
1
12
12
12
12
12
2
0
0
2
2
0
0
0
0
1
1
1
1
2
2
1
1
3
3
2
2
1
1
3
3
12
12
12
1
1
2
2
6
6
6
6
6
6
6
6
6
6
6
6
6
6
6
6
6
6
6
6
6
6
6
6
6
6
6
6
6
39
39
39
2
2
0
0
20
20
20
12
12
12
32
32
32
32
32
32
32
32
3
0
0
0
0
0
8
8
2
1
1
3
3
2
1
1
3
3
6
6
6
6
6
6
6
0
0
1
1
32
32
1
1
1
1
1
1
1
1
1
1
1
1
1
1
1
1
1
1
1
1
1
1
1
2
2
0
0
0
0
0
3
3
2
2
2
2
2
2
2
2
77
77
77
2
2
0
0
0
0
0
0
0
1
1
1
1
1
1
1
1
1
1
1
1
0
0
3
3
0
0
0
0
0
0
22
22
22
22
22
1
1
4
4
4
15
15
0
0
0
