42
42
1
1
1
1
1
1
0
0
0
0
0
0
0
19
19
19
19
19
19
19
19
19
19
19
19
19
19
19
1
1
1
4
4
0
0
0
4
4
4
4
4
4
2
2
2
1
1
1
1
1
1
1
1
0
0
4
4
0
0
1
1
2
0
0
0
1
1
1
5
5
5
5
1
1
0
0
0
0
1
1
1
1
1
2
2
3
3
3
3
3
2
2
2
1
1
1
1
1
1
1
1
1
1
1
1
1
1
1
3
3
35
35
35
0
0
0
4
4
4
2
2
2
2
1
1
1
1
0
0
0
0
0
2
2
2
1
1
1
0
4
4
1
1
4
4
4
4
4
4
1
1
1
1
0
0
0
4
4
4
1
1
1
0
0
4
4
4
4
4
1
1
1
0
0
4
4
1
1
1
4
4
4
4
3
3
3
3
3
4
4
4
4
4
4
4
2
2
45
45
45
45
45
4
4
4
1
1
1
1
1
1
0
0
4
4
4
4
4
4
8
8
13
13
4
4
4
4
4
4
4
4
4
4
4
4
4
4
4
0
0
4
4
4
4
4
4
4
4
4
4
4
4
4
4
4
4
4
4
4
4
1
1
1
1
1
1
1
1
13
13
21
21
21
21
4
4
4
4
4
4
4
4
4
4
4
4
4
4
4
4
4
4
13
21
21
21
4
4
4
9
9
4
4
4
4
4
4
4
4
4
4
4
4
4
4
4
4
4
4
13
13
4
4
4
4
4
4
4
4
4
4
4
4
4
4
4
4
4
4
4
4
4
4
4
4
4
4
4
4
4
4
4
4
4
4
13
13
21
21
21
4
4
4
4
4
4
4
4
4
4
4
8
8
8
8
8
0
0
4
4
4
4
4
4
4
4
8
8
13
4
4
4
21
21
21
21
21
21
21
21
21
21
21
26
26
26
26
26
26
26
26
26
26
26
26
26
26
26
12
12
4
4
4
4
4
4
4
4
4
4
4
12
12
4
4
4
21
21
21
21
21
21
21
21
1
1
1
0
0
4
4
4
1
1
4
4
4
1
1
1
1
3
4
4
4
4
4
4
3
3
15
15
