42
42
42
42
2
2
0
0
3
3
0
0
0
1
1
1
1
1
1
12
12
12
0
0
1
14
14
14
4
4
2
2
0
0
1
1
1
12
12
3
3
3
3
3
3
3
3
3
1
1
12
12
12
12
17
17
17
17
17
17
17
2
1
1
2
2
0
0
2
0
0
0
0
0
0
0
0
0
0
0
0
0
0
0
0
0
0
0
0
0
1
1
1
1
1
2
0
0
0
0
2
0
0
0
2
2
2
0
0
0
0
0
8
8
8
17
17
2
2
0
0
1
1
2
2
7
7
7
7
7
13
13
13
13
13
2
2
1
1
3
3
1
1
0
0
0
0
0
5
5
5
5
1
1
1
1
1
1
1
1
1
1
1
1
1
1
3
3
3
3
3
3
2
1
1
3
3
2
2
2
2
2
2
2
2
2
2
2
2
2
2
2
2
2
2
2
2
2
5
5
5
5
5
5
5
5
2
2
2
0
0
0
8
8
8
8
8
0
0
0
0
19
19
19
19
19
19
2
2
0
0
1
1
2
2
2
2
2
2
19
19
19
19
19
19
19
19
19
19
19
19
19
19
19
19
8
8
55
55
4
4
4
4
4
4
4
4
4
4
4
4
4
86
4
4
8
8
17
17
17
1
1
1
1
1
1
1
1
0
0
0
0
0
0
0
0
55
55
4
4
4
4
86
4
4
4
4
5
5
5
5
5
5
5
5
5
5
5
5
5
5
5
5
5
5
5
5
5
5
5
5
13
13
13
13
13
13
13
13
17
17
20
20
20
15
15
7
7
7
7
7
7
7
7
7
7
1
1
1
1
1
1
1
1
1
1
1
1
1
1
1
1
1
3
3
3
3
3
3
3
3
3
3
3
3
3
2
2
1
1
1
1
3
0
13
13
0
0
0
1
37
37
37
37
37
37
37
37
37
37
37
37
37
37
37
37
0
0
37
37
0
0
0
0
37
37
37
37
37
0
0
0
37
37
37
37
0
4
4
13
13
15
15
15
0
0
1
1
35
35
35
35
0
0
1
1
1
0
0
1
1
1
1
1
1
1
1
1
7
7
7
7
7
7
7
7
7
7
7
7
1
1
7
7
7
2
2
1
1
0
0
13
13
2
1
1
1
0
0
1
1
1
1
1
1
1
55
7
1
0
0
1
1
4
4
4
0
0
0
4
4
4
4
4
4
8
8
8
2
2
2
2
2
1
1
1
3
3
1
1
1
1
1
1
1
3
3
4
4
4
4
4
4
4
8
8
0
0
15
