85
85
85
85
85
1
1
1
1
1
12
12
9
9
9
9
4
4
4
4
4
3
3
3
3
62
62
62
62
62
62
62
62
62
62
62
62
12
12
12
53
53
53
53
53
53
15
15
1
1
1
7
7
7
7
7
7
7
7
7
7
7
7
7
12
12
12
5
5
5
5
5
5
5
5
5
5
5
5
5
1
1
1
1
1
1
1
5
5
5
5
1
1
1
1
1
1
1
1
1
5
5
5
5
5
1
1
1
1
1
1
1
1
1
8
8
8
70
70
70
70
70
70
70
70
12
12
12
12
12
12
12
12
12
12
12
12
15
15
1
1
70
70
70
70
70
2
2
0
0
0
0
1
1
1
1
1
1
1
1
1
1
1
1
1
1
8
8
1
1
1
1
1
1
1
1
7
7
7
7
7
14
14
14
14
14
14
6
6
6
6
6
6
6
6
6
6
7
7
7
7
7
7
7
7
47
47
47
47
47
47
47
0
0
0
0
4
4
4
4
4
45
45
14
14
14
14
14
38
38
38
38
38
38
38
38
38
5
5
5
5
1
1
1
1
70
70
70
70
70
70
70
1
1
10
15
15
7
7
7
7
1
1
1
10
10
10
10
10
10
10
10
4
4
4
4
4
4
4
4
3
9
9
9
5
5
5
5
5
5
5
5
5
5
5
5
5
5
5
15
15
5
5
5
5
5
5
5
5
5
5
5
5
5
5
5
5
0
0
4
4
4
1
1
1
1
1
1
1
1
10
10
10
4
4
4
1
1
1
4
4
4
4
4
12
12
12
12
6
6
6
6
6
6
6
6
6
6
6
6
6
6
6
6
6
0
0
0
0
0
0
0
0
0
4
4
4
4
4
4
1
1
1
1
1
1
1
1
1
1
1
1
1
1
1
1
1
4
4
4
4
4
4
4
4
4
4
1
1
1
1
7
7
7
7
7
7
7
1
1
1
2
2
2
4
4
4
4
53
53
53
1
1
1
1
1
1
4
4
4
4
4
4
4
4
4
4
4
4
4
4
4
4
4
4
4
4
4
1
1
6
6
6
6
6
6
6
15
15
15
15
15
4
4
4
4
4
4
1
1
1
4
4
4
1
1
1
1
1
1
1
1
1
9
9
9
9
9
9
12
12
12
4
4
4
4
4
4
4
1
1
4
4
4
4
4
4
4
4
4
4
4
4
4
4
4
4
4
4
4
4
4
4
8
8
8
53
53
53
53
53
53
53
53
53
1
1
1
4
4
4
4
4
1
1
53
53
53
53
53
53
53
53
7
7
1
1
1
1
1
1
1
53
53
53
53
53
53
53
53
12
12
53
53
53
53
53
53
53
53
53
53
53
7
7
7
7
7
7
7
7
7
7
7
4
4
4
4
4
4
4
4
4
4
1
1
1
4
4
4
4
4
4
4
4
4
4
4
4
4
4
4
15
15
74
74
74
74
74
74
74
74
74
74
74
74
4
4
4
4
4
4
4
4
4
4
4
4
4
4
4
4
4
4
4
4
4
4
15
15
15
