85
85
85
85
85
3
3
3
3
1
1
1
1
1
1
62
62
62
62
62
62
62
62
0
0
0
0
0
0
0
0
0
0
0
0
0
0
0
0
0
0
1
1
1
1
1
1
1
1
1
1
1
1
1
1
1
1
7
7
7
7
7
7
7
7
1
1
1
1
1
1
1
1
1
1
1
1
1
0
0
0
0
6
6
6
6
1
1
1
1
1
1
1
12
12
12
12
12
12
12
12
12
12
12
0
0
0
0
0
0
0
1
1
1
1
100
100
100
100
100
100
1
1
1
1
1
1
1
38
38
38
38
38
53
53
53
53
53
15
1
1
1
2
0
0
0
0
0
0
1
1
1
1
1
1
1
1
0
0
0
0
0
1
1
1
1
1
1
1
1
8
8
8
1
1
1
1
1
2
2
1
1
1
1
1
1
1
1
1
1
1
1
1
1
6
6
6
6
6
6
6
6
6
6
6
6
6
6
6
6
6
6
6
6
6
6
6
6
6
6
6
6
6
6
6
6
6
6
6
6
6
6
6
6
6
6
6
6
6
6
6
6
6
6
6
6
6
6
6
6
6
6
6
6
6
6
6
6
6
6
6
1
1
1
1
0
0
0
28
28
28
28
28
28
1
1
1
1
1
0
0
4
4
4
4
10
10
10
10
10
10
10
10
10
15
15
8
8
8
8
5
5
5
5
5
5
5
5
5
5
5
5
5
5
5
5
5
5
5
5
5
5
5
1
1
1
1
1
1
1
1
8
8
8
8
4
4
4
4
4
4
4
4
4
4
1
1
1
1
1
1
4
4
4
4
6
6
6
6
6
6
6
6
12
12
12
12
12
12
3
3
3
3
3
4
4
4
4
1
1
1
1
1
1
1
14
14
14
14
14
14
14
14
14
14
1
1
1
1
1
14
14
14
14
4
4
4
4
4
4
4
4
1
1
1
0
0
4
4
4
4
4
4
4
4
4
4
4
1
1
1
1
1
1
1
1
1
1
1
1
1
1
1
1
1
1
15
15
25
25
25
25
25
25
25
25
25
25
14
14
14
14
14
14
14
14
14
14
14
14
14
14
0
0
6
6
6
6
6
6
6
6
6
6
6
6
6
6
0
0
0
45
45
45
45
45
45
9
9
9
9
9
9
17
17
17
17
17
17
17
0
0
0
0
0
0
0
0
0
0
0
0
0
0
0
0
0
0
0
0
1
1
1
1
1
1
1
14
14
14
14
14
14
14
14
14
14
14
14
14
14
1
1
1
1
1
70
70
70
70
70
70
70
70
70
0
0
0
0
0
0
0
0
0
0
0
0
0
0
0
0
0
0
0
0
0
0
0
0
0
0
0
0
0
0
0
0
0
0
0
0
0
70
70
70
70
70
70
70
70
0
0
25
25
25
25
25
25
25
25
1
1
1
1
1
1
1
1
1
1
1
14
14
14
14
14
14
14
14
14
14
1
1
1
12
12
12
12
12
12
12
12
4
4
4
4
4
4
4
4
4
1
1
4
4
4
4
4
4
1
1
1
1
4
4
4
4
4
15
1
1
1
70
70
70
70
70
70
70
10
10
10
10
10
0
0
10
10
9
9
9
9
0
0
0
0
0
0
0
0
0
0
0
0
0
0
0
0
0
0
0
0
0
0
0
0
0
0
0
0
0
0
0
0
0
0
0
1
1
1
0
0
0
0
0
0
0
0
1
1
1
1
1
1
1
1
1
1
1
4
4
4
4
4
4
4
4
4
4
4
4
4
4
4
4
15
15
1
1
1
4
4
4
4
4
4
4
4
4
4
4
4
4
1
1
7
7
1
1
1
1
1
1
1
1
1
53
53
53
53
53
53
53
53
0
0
0
0
1
1
1
1
4
4
4
4
4
4
4
4
4
4
4
4
4
4
4
4
4
15
1
1
1
10
10
10
10
10
12
4
4
4
4
4
4
4
1
1
10
10
10
10
1
1
1
4
4
4
4
4
4
4
4
4
4
4
4
15
74
74
74
74
10
10
10
10
10
10
10
1
1
1
0
0
0
85
85
85
85
85
85
85
