42
42
42
2
2
9
9
9
9
0
0
2
2
50
50
0
0
0
0
0
0
0
0
0
0
0
0
0
3
3
2
2
0
0
0
0
0
4
4
4
4
4
4
4
4
0
0
0
0
5
5
5
5
5
5
5
5
5
5
5
5
5
5
5
5
5
8
8
4
4
4
4
5
5
5
5
5
5
5
5
5
5
5
5
5
5
5
5
5
5
5
5
5
5
5
5
5
5
5
5
5
5
5
0
0
0
1
1
1
1
1
0
0
0
0
0
0
4
4
4
5
5
5
5
5
5
5
5
5
5
5
5
5
5
5
5
5
5
5
5
5
5
5
5
5
5
5
5
5
67
67
67
5
5
5
5
5
5
5
5
5
5
5
5
5
5
5
5
5
5
1
1
1
1
1
0
0
0
4
4
1
1
1
1
1
1
1
1
1
1
0
0
1
1
1
0
0
0
7
7
7
7
7
7
7
1
1
1
0
0
2
2
2
2
2
5
5
5
5
5
5
5
5
5
5
5
5
5
1
1
1
1
1
1
1
0
0
1
1
1
1
1
1
1
1
1
1
1
1
1
1
3
0
0
0
2
2
2
7
7
7
7
7
7
7
1
1
1
1
1
3
0
0
0
1
1
2
2
2
4
4
4
4
4
4
4
1
1
1
1
1
1
1
1
1
1
1
1
1
1
0
0
0
0
0
0
1
1
1
4
4
2
2
0
0
0
4
4
1
1
51
51
