0
0
0
18
18
18
18
4
4
4
4
4
4
4
4
4
4
4
4
4
4
4
4
4
4
4
4
4
4
4
4
4
4
4
4
4
4
4
4
4
4
4
4
4
4
4
4
4
4
4
4
4
4
4
0
0
4
4
4
4
4
4
4
7
7
7
7
7
7
7
57
57
57
57
57
57
57
57
57
57
57
57
57
1
1
1
1
1
12
12
12
12
12
4
4
4
4
4
4
4
4
4
4
4
4
4
4
4
4
4
4
4
4
4
4
4
4
4
4
4
4
4
4
4
4
4
2
2
1
1
3
3
0
0
48
48
48
48
48
4
4
4
4
4
4
4
1
1
1
1
1
1
3
3
3
0
0
0
4
4
4
1
2
1
1
1
3
3
4
4
4
4
4
4
0
0
4
4
4
4
4
4
4
4
4
4
4
4
4
4
2
1
1
3
3
3
3
3
3
0
0
2
2
2
2
1
0
0
0
2
2
0
0
0
0
2
2
2
2
2
2
2
2
2
2
2
2
2
2
2
2
2
2
2
2
2
2
2
2
2
2
2
2
2
2
2
2
2
2
2
2
2
2
2
2
2
2
2
11
11
11
11
11
11
11
11
11
11
11
2
2
2
2
2
2
2
2
2
2
2
2
2
2
2
2
2
2
2
2
2
2
0
0
0
0
0
1
1
1
1
0
0
1
1
0
0
1
1
3
3
3
3
3
3
3
3
3
2
2
1
1
1
3
3
3
9
9
9
9
9
9
1
1
1
