0
0
1
1
1
0
0
1
1
2
2
2
2
0
0
0
1
1
1
1
1
1
1
1
1
1
1
1
1
1
1
1
1
1
1
2
2
0
0
0
7
7
7
7
7
7
7
7
7
32
32
32
32
32
32
32
32
32
32
11
11
11
11
2
2
0
0
0
0
0
0
0
0
0
0
0
0
0
0
0
0
0
0
0
0
0
0
0
0
0
0
2
2
2
69
69
69
0
0
0
0
0
0
0
1
1
1
69
69
69
69
0
1
69
0
0
69
69
69
69
69
0
0
1
1
0
0
11
11
1
1
0
0
0
11
11
1
1
0
0
0
1
1
1
1
0
0
0
1
1
1
1
0
0
0
0
0
11
11
11
11
11
11
11
11
11
11
11
0
0
0
1
1
0
0
0
1
1
11
11
11
11
11
11
11
11
11
11
11
11
11
11
1
0
0
1
1
1
1
0
0
0
0
0
0
11
11
11
11
11
11
11
0
0
11
11
11
11
1
1
1
1
1
1
1
0
0
0
1
1
0
0
0
0
69
69
0
0
69
69
69
69
69
0
0
69
69
69
69
69
0
0
69
69
69
0
0
0
11
11
11
11
69
69
69
69
69
2
2
3
0
0
1
0
1
0
0
69
69
69
69
69
69
69
69
69
69
69
69
69
69
69
69
69
69
69
69
69
69
69
69
69
69
69
69
69
69
69
69
69
69
69
69
10
69
69
3
3
3
3
1
1
1
0
0
0
0
0
0
3
3
3
3
25
25
25
25
25
25
25
25
25
25
25
25
25
25
25
25
25
25
25
25
25
25
25
25
25
25
25
25
25
25
25
25
25
25
25
25
25
25
25
25
25
25
25
25
25
25
25
25
25
25
1
1
1
1
1
1
1
1
1
4
4
4
4
4
4
4
4
4
1
1
1
1
1
1
1
