0
0
4
4
4
4
4
4
1
1
1
1
1
1
1
1
1
1
3
0
46
46
46
8
8
8
8
0
46
46
46
46
46
46
46
8
8
8
8
8
0
0
0
2
2
69
69
0
0
0
0
0
0
0
0
0
0
0
0
0
5
5
5
5
2
2
0
0
0
0
16
16
16
16
16
0
0
5
5
5
5
5
5
5
5
5
5
5
5
5
5
16
16
16
16
16
16
16
16
16
16
16
16
16
16
16
16
16
16
16
16
16
16
16
16
16
16
16
16
16
16
16
8
8
8
8
8
8
8
8
8
8
0
0
0
0
1
1
1
1
1
1
12
12
12
12
12
12
12
12
12
12
0
0
0
1
1
1
1
1
1
5
5
5
5
5
5
5
5
5
5
5
5
5
5
5
5
5
5
5
5
5
5
5
5
5
5
5
5
5
5
5
5
5
1
1
1
1
1
1
1
1
1
1
1
0
0
10
10
10
10
10
10
5
5
5
5
5
5
5
5
5
5
5
5
5
5
5
5
5
5
5
5
5
5
5
5
5
5
0
0
0
2
2
2
0
0
0
2
69
69
3
3
31
31
4
4
4
4
4
8
11
11
6
6
6
6
6
6
6
6
6
6
6
6
6
6
6
6
6
6
6
7
7
7
7
7
7
58
58
58
58
58
58
2
2
0
0
0
0
0
1
1
1
1
1
1
1
1
6
6
6
6
6
6
6
6
6
6
6
6
6
6
6
6
6
6
6
6
6
6
6
6
6
6
6
6
6
6
6
1
1
1
1
1
1
1
6
6
6
6
6
6
6
6
6
6
6
6
6
6
6
6
6
6
6
6
6
6
6
6
6
6
6
6
6
6
6
6
6
4
4
4
4
4
4
4
4
4
4
4
4
4
4
4
4
4
4
4
4
4
4
4
4
4
4
1
1
11
11
11
11
11
6
6
6
6
6
6
