0
0
0
0
2
2
1
1
1
1
12
12
12
12
12
12
12
12
0
0
0
0
0
0
0
16
16
16
16
16
16
16
16
16
16
16
16
16
16
16
16
16
16
16
16
16
16
16
16
16
16
16
16
16
16
16
16
16
16
16
16
16
16
16
16
16
16
16
16
16
16
16
16
16
16
16
16
16
16
16
16
16
16
0
0
0
0
0
0
0
0
0
5
5
5
5
5
5
5
5
5
5
5
5
5
5
5
5
5
5
5
5
5
5
5
5
5
5
5
5
5
5
5
5
5
5
5
5
5
5
5
5
5
5
5
5
5
5
5
5
5
5
5
5
5
5
5
5
5
5
5
5
5
5
5
12
12
12
12
12
12
12
12
0
0
0
0
1
1
1
1
1
1
1
1
0
16
16
5
5
5
5
5
5
5
5
5
5
5
5
5
5
5
5
5
5
5
5
5
5
5
5
5
5
5
5
5
5
5
5
5
5
5
5
5
5
5
5
5
5
5
5
5
5
5
5
5
5
5
5
5
5
5
5
5
6
6
6
6
6
6
6
6
6
6
6
6
6
0
0
0
0
0
1
1
1
1
1
1
1
1
1
1
1
1
1
1
4
4
4
4
4
11
11
11
2
2
0
0
0
0
0
0
0
8
8
8
8
8
6
6
6
6
6
6
6
6
6
6
6
6
6
6
6
6
6
