47
47
47
47
47
47
47
47
47
47
47
47
47
47
47
47
47
47
47
47
47
47
6
6
6
6
6
6
6
6
6
6
6
6
6
6
6
6
6
6
6
6
6
6
6
6
32
32
32
32
32
32
32
32
32
32
32
32
32
32
32
32
32
32
32
32
32
32
32
93
93
93
93
93
93
1
1
2
3
3
3
2
2
0
0
0
0
0
4
4
4
3
4
4
4
4
4
4
4
4
4
2
2
2
1
1
1
1
1
1
1
15
82
82
82
82
82
2
2
1
1
1
1
1
1
1
1
1
1
1
1
1
1
1
1
1
1
1
1
1
1
2
4
4
4
3
11
11
11
11
3
3
3
3
3
3
0
0
2
2
3
2
2
7
7
7
7
2
2
2
4
4
4
4
4
4
4
4
4
4
4
4
4
4
4
4
4
4
4
4
4
4
4
4
4
4
4
4
4
4
4
4
4
4
0
4
4
4
4
4
4
4
4
4
4
4
4
4
4
4
4
4
4
4
4
4
4
4
4
4
4
4
11
11
11
11
11
11
11
11
11
15
15
15
15
