12
12
12
12
12
12
12
12
12
12
25
25
25
25
25
25
25
25
25
25
15
15
1
1
1
12
12
12
10
10
10
12
12
4
4
4
4
4
15
10
10
10
12
12
12
12
12
12
2
2
10
10
10
10
3
3
3
3
3
2
2
10
10
10
10
2
2
3
3
1
1
1
1
1
1
1
1
1
1
0
0
0
0
0
1
1
1
32
32
32
32
0
0
0
1
1
5
5
5
5
5
5
5
5
5
5
1
1
5
5
5
5
5
5
5
5
5
5
5
5
5
5
5
5
5
5
5
5
5
5
5
5
5
1
1
1
5
5
5
5
5
5
5
5
5
5
5
5
5
5
5
5
5
5
5
5
5
5
5
5
5
5
5
5
5
5
5
5
5
5
5
5
5
5
5
5
5
5
5
1
1
1
1
1
1
1
1
1
1
1
1
1
5
5
5
5
5
5
5
5
5
5
5
1
1
1
1
1
1
1
1
1
1
1
5
5
5
5
5
5
5
5
5
5
5
5
5
5
5
5
5
5
5
5
5
5
5
5
77
77
77
77
77
77
77
77
77
77
77
77
77
77
77
77
77
77
77
77
77
77
77
77
77
77
77
77
77
77
77
77
77
77
77
77
77
5
5
5
5
5
5
5
5
5
5
47
47
47
47
47
47
47
47
47
47
47
47
47
47
47
47
47
47
47
47
47
47
47
47
12
12
12
12
12
12
12
12
12
12
12
12
12
12
12
12
0
0
0
0
0
2
2
2
2
2
2
2
0
0
0
0
0
0
71
71
71
71
71
0
0
0
0
6
6
6
6
6
6
6
6
6
6
6
6
6
6
6
6
6
6
6
6
6
6
6
6
6
6
6
6
6
6
6
6
6
6
6
6
6
6
6
6
6
6
6
6
6
6
6
6
6
6
6
6
6
6
6
6
6
6
6
6
6
6
6
6
6
6
6
6
6
6
6
6
6
6
6
6
6
6
6
6
6
6
65
65
15
15
0
0
7
7
7
7
7
7
7
7
7
7
7
7
7
7
7
7
7
7
7
12
12
12
12
12
12
12
12
12
15
15
15
15
1
1
6
6
6
6
25
25
25
25
25
25
6
6
6
6
6
6
1
1
1
1
1
1
10
10
25
25
25
25
25
25
0
0
0
0
65
65
31
31
31
31
31
31
31
31
0
0
2
2
25
25
25
6
6
6
6
0
0
0
0
0
0
0
0
0
0
0
0
0
0
0
0
0
0
0
0
0
0
0
0
0
0
15
15
15
0
0
0
0
7
7
7
7
7
7
7
7
7
7
7
