10
10
4
4
4
4
4
25
25
25
25
3
1
1
12
12
2
2
10
10
10
10
4
4
4
4
25
25
25
25
25
25
1
1
1
1
1
1
1
1
12
12
12
2
2
2
10
10
10
10
10
10
10
10
10
10
10
4
4
4
4
4
4
4
4
4
4
4
120
120
120
10
10
1
1
10
10
13
6
6
6
6
6
6
6
6
6
6
6
12
1
1
1
1
1
1
1
1
10
10
10
15
15
32
2
10
10
10
10
10
10
10
6
6
6
6
6
6
6
6
6
6
6
6
6
6
6
2
10
10
10
32
32
32
32
32
32
32
32
32
32
32
32
32
32
32
6
4
4
4
25
25
25
25
25
25
25
25
25
25
25
25
25
25
25
25
25
25
25
25
25
25
25
25
1
1
1
4
4
4
4
4
4
4
4
4
4
4
4
4
4
4
4
4
4
4
4
4
4
4
4
4
1
1
1
3
3
2
2
1
1
3
1
1
