2
2
2
0
0
0
63
63
63
63
63
63
63
63
0
0
0
5
5
5
5
5
5
5
5
5
5
5
5
5
5
5
5
5
5
5
5
5
5
5
5
5
5
5
5
5
5
5
5
5
5
5
5
5
5
5
5
5
5
5
5
5
5
5
5
5
5
5
5
5
5
5
5
5
5
5
5
5
5
5
5
5
5
5
5
5
5
5
5
5
5
5
5
5
5
5
5
5
5
5
5
5
5
5
5
5
5
5
5
5
5
5
5
5
5
5
5
5
5
5
5
5
5
5
5
5
5
2
2
2
4
4
4
4
4
4
4
4
4
4
4
4
4
4
4
4
4
4
4
4
4
4
4
4
4
4
4
4
4
4
4
4
4
4
4
4
4
4
4
4
4
4
4
4
4
4
4
48
48
48
48
48
48
7
7
2
2
2
1
1
1
3
3
3
0
0
0
0
0
0
0
0
0
0
0
0
0
8
8
8
8
2
2
2
4
4
4
4
3
4
4
4
4
4
4
4
4
4
4
4
4
1
1
1
1
1
2
2
2
2
0
0
0
0
0
0
0
0
1
1
4
4
4
4
4
4
4
4
4
4
4
4
4
8
8
5
5
5
5
5
5
5
5
5
5
5
5
5
5
5
5
5
5
5
5
5
5
5
5
5
5
5
5
5
5
5
5
5
5
5
5
5
5
5
5
5
5
5
5
5
5
5
5
5
5
5
5
5
5
5
5
5
5
5
5
5
5
5
5
5
5
5
2
2
47
47
47
47
47
47
1
1
2
2
2
1
1
7
7
0
0
0
0
0
0
0
0
0
0
0
0
0
47
47
47
2
2
2
0
0
0
0
0
0
0
0
0
1
1
1
1
1
1
1
1
1
1
99
99
99
99
99
98
98
98
98
2
2
2
3
3
47
47
47
47
47
47
47
47
47
47
47
47
47
47
47
47
47
47
47
47
47
47
47
47
47
47
47
47
47
47
47
47
47
47
47
47
47
47
47
47
47
47
7
7
7
7
7
7
7
7
1
1
1
1
1
1
1
1
1
1
1
1
1
1
2
2
2
4
4
4
4
47
47
47
47
47
47
47
47
47
47
47
47
47
47
47
1
1
1
1
1
1
66
66
66
66
66
66
66
66
66
66
66
66
66
66
66
66
66
66
66
1
1
1
1
47
47
47
47
47
47
47
47
47
47
47
47
47
47
47
47
47
47
47
47
47
47
47
47
47
47
47
47
47
47
47
47
47
47
47
47
47
47
47
47
47
47
47
47
47
2
2
2
2
2
2
7
7
7
7
7
7
7
7
6
6
6
6
6
6
6
6
6
6
6
6
6
6
6
6
6
1
1
1
1
7
7
7
7
7
6
6
6
6
6
6
6
6
6
6
6
0
0
0
0
0
7
7
7
7
7
7
7
7
7
7
7
7
7
7
7
7
6
6
6
6
6
6
6
6
6
6
6
6
6
6
6
2
2
0
0
0
0
0
0
0
0
1
1
1
1
1
1
1
1
1
1
1
1
1
1
3
3
3
2
3
3
1
1
1
1
1
1
1
1
1
1
1
1
1
1
1
1
1
1
1
1
1
1
1
1
1
1
1
1
1
1
1
2
2
2
1
1
1
1
1
7
7
7
7
7
7
7
7
7
7
7
