0
0
0
0
0
0
9
9
9
0
0
0
0
0
1
1
1
1
0
0
0
0
0
0
0
0
0
0
1
0
0
1
1
1
0
0
0
1
1
0
0
1
1
9
9
0
0
1
1
12
12
12
4
4
4
4
4
0
4
4
4
4
4
4
21
21
1
0
4
4
4
4
4
4
4
4
4
4
4
4
4
4
4
4
4
4
4
4
4
4
4
4
4
4
4
4
4
0
4
4
4
4
4
4
4
4
4
4
4
4
4
4
4
4
4
4
4
4
1
1
1
1
0
4
4
4
4
4
4
4
4
4
4
4
4
4
4
4
4
4
4
4
4
4
4
4
4
4
4
21
21
21
21
21
21
0
4
4
4
4
4
4
4
4
4
4
4
4
4
4
4
1
1
1
1
1
0
0
4
4
4
4
4
4
4
4
4
4
4
4
4
4
4
4
21
21
21
1
1
0
0
0
0
0
0
0
88
88
88
4
4
4
4
4
4
4
4
4
4
4
4
4
4
4
4
4
4
4
4
4
4
4
4
4
4
1
1
1
1
1
1
1
0
0
0
4
4
4
4
4
4
4
4
4
4
4
0
1
1
1
1
4
4
4
4
4
4
4
4
4
4
4
4
4
4
4
4
4
4
4
4
4
4
4
4
4
4
4
4
4
4
4
4
4
4
4
4
4
4
4
4
4
4
1
33
33
33
0
0
0
4
4
4
4
4
4
4
4
4
4
4
4
4
4
4
4
4
4
4
4
4
4
4
4
4
4
4
0
0
88
88
88
4
4
4
4
4
4
4
4
4
4
4
4
4
4
4
4
4
4
4
4
4
15
21
21
21
21
21
4
4
4
4
4
4
4
4
4
4
4
1
1
4
4
4
4
4
4
1
0
1
1
12
0
0
88
88
76
76
4
4
4
4
4
4
4
4
4
4
4
4
4
4
4
4
4
4
4
4
4
4
4
4
4
4
4
4
4
4
15
15
0
0
2
2
2
1
1
1
1
0
0
0
2
2
2
1
1
1
1
3
3
3
3
0
0
2
2
1
1
3
3
2
2
2
2
1
1
3
1
1
9
9
9
51
