2
2
10
10
10
3
3
3
2
2
2
2
2
2
2
2
2
2
2
2
2
2
2
2
2
2
2
0
0
0
0
2
2
2
2
2
2
2
2
2
2
35
35
35
35
35
35
35
35
10
10
10
10
10
31
31
31
31
31
31
31
31
31
31
31
31
31
31
31
31
24
24
24
24
24
24
24
24
24
24
0
0
0
0
31
31
24
24
24
24
24
24
24
24
24
1
1
59
59
59
59
59
59
59
41
41
41
41
41
41
41
41
4
4
4
4
4
4
4
4
4
4
10
10
10
10
10
10
10
10
10
10
10
10
10
4
4
4
4
4
4
4
4
4
4
4
4
4
1
1
1
4
4
4
4
4
4
4
4
4
4
4
4
4
4
10
10
10
10
10
10
10
10
10
10
10
10
10
10
10
10
10
1
1
1
1
4
4
4
4
12
12
12
12
12
12
12
12
12
12
12
12
12
12
12
12
12
12
12
12
5
5
5
5
5
5
5
5
5
5
5
5
5
5
5
5
5
5
5
5
5
5
20
20
2
2
2
1
1
1
1
1
1
3
3
3
3
3
3
2
2
2
2
2
2
2
2
2
2
2
2
2
2
2
30
30
30
30
30
30
30
30
30
30
4
4
4
4
3
3
3
3
3
3
3
3
2
20
20
25
25
25
25
25
25
25
25
25
12
0
0
0
3
3
3
3
3
3
3
10
10
10
1
1
1
1
1
1
1
1
1
1
1
1
1
1
10
10
10
10
10
10
4
4
4
4
0
0
0
1
1
2
2
1
1
0
0
1
0
0
0
0
0
0
10
10
10
0
0
1
1
1
20
20
10
10
10
10
3
3
3
1
1
1
1
1
2
2
2
2
2
2
2
2
0
0
0
1
1
1
1
1
1
1
1
1
1
1
1
1
1
1
1
1
1
1
1
1
1
1
1
1
0
0
0
0
1
1
1
1
2
2
2
2
0
0
0
0
0
1
1
1
1
4
4
4
4
4
4
4
4
4
4
4
4
1
1
2
2
2
0
0
1
1
1
7
7
7
7
7
7
1
1
1
1
1
1
1
1
1
1
1
2
2
10
10
10
3
2
2
0
0
0
0
2
2
2
2
2
2
2
2
2
2
2
2
2
2
2
2
2
2
2
2
2
2
2
2
2
2
2
2
2
2
2
2
2
2
0
6
6
6
6
6
6
6
6
25
25
25
25
25
25
25
25
25
25
25
25
25
25
25
25
25
25
25
25
25
25
25
25
25
25
25
25
25
28
28
28
0
0
0
0
51
51
51
51
