2
2
2
10
10
10
10
10
0
0
0
0
4
4
4
4
4
4
4
4
4
2
2
2
10
10
10
10
3
3
3
4
4
4
10
10
10
10
0
0
10
10
10
10
10
10
10
10
10
5
5
5
5
5
5
5
5
5
5
5
5
5
5
5
5
5
5
5
5
5
35
35
35
35
35
35
35
35
35
1
1
2
2
7
7
7
7
7
7
7
30
30
30
30
30
30
30
30
30
30
30
30
2
2
2
2
2
2
2
2
2
10
10
10
10
35
35
35
35
35
35
35
35
35
35
35
35
35
35
35
35
35
35
35
35
35
35
35
35
35
35
35
2
2
2
2
2
2
2
10
10
10
24
24
24
24
24
24
2
2
2
2
2
2
2
2
2
2
2
2
2
10
10
10
10
24
24
24
24
24
24
24
24
24
24
24
24
24
24
24
24
24
24
24
24
24
24
24
24
24
24
24
24
24
24
24
24
24
24
24
24
3
3
3
3
3
3
3
3
3
4
4
4
4
2
2
2
6
6
6
6
6
6
6
1
1
1
1
1
1
1
1
1
1
1
1
1
1
1
1
1
1
1
1
1
1
1
1
1
1
1
1
1
1
1
1
1
1
1
1
1
3
3
3
3
3
41
41
41
41
41
41
41
10
10
10
10
10
1
1
1
1
1
1
1
0
0
1
1
1
1
0
0
0
0
0
0
2
10
10
7
7
7
7
7
7
1
1
1
1
1
1
1
10
10
10
10
2
2
2
2
2
2
10
10
10
10
10
10
10
10
10
10
10
10
10
10
10
10
10
10
10
10
10
10
10
10
10
10
10
10
10
10
10
10
3
3
3
3
10
10
10
10
10
10
10
1
1
1
1
1
1
1
1
1
1
1
1
1
1
1
10
10
10
0
0
0
0
0
0
0
1
1
1
1
1
1
1
1
1
1
3
3
3
3
3
3
3
2
2
1
1
1
1
1
1
2
2
10
10
10
10
1
1
25
25
25
25
25
25
25
18
18
18
18
18
22
22
22
22
22
0
0
0
1
1
1
1
1
1
4
4
4
4
4
4
4
4
4
4
4
4
4
4
4
4
4
4
8
2
2
2
10
10
10
10
10
1
1
1
3
3
3
3
