0
12
12
12
12
12
12
4
4
4
4
4
0
0
11
11
11
11
11
11
11
11
11
11
11
11
11
11
11
1
1
8
2
2
2
2
2
2
2
2
0
0
1
1
1
1
1
1
1
1
1
1
1
3
3
3
3
3
2
2
10
10
10
10
10
2
2
2
2
2
2
2
2
2
24
24
24
24
24
24
24
24
24
24
24
24
24
24
24
24
24
24
24
24
35
35
35
35
35
35
24
24
24
24
24
24
24
24
24
24
24
24
24
24
24
24
24
24
24
24
24
24
24
24
24
1
1
1
1
1
1
41
41
41
41
41
41
41
41
41
41
3
3
3
3
3
3
3
0
0
0
0
0
0
0
0
0
0
0
0
1
1
1
1
1
1
1
1
1
1
1
1
1
1
1
1
1
1
1
1
1
1
1
1
1
1
1
1
1
1
1
1
1
1
1
1
1
1
1
1
1
1
1
1
1
1
1
1
1
20
20
20
2
2
2
2
1
1
1
1
1
1
1
1
1
1
1
0
0
0
0
0
0
2
2
0
0
0
7
7
7
7
7
7
1
1
1
0
0
31
31
0
0
0
0
0
1
1
0
0
0
3
2
2
2
6
6
6
1
1
1
1
1
1
1
1
1
1
1
1
1
1
1
1
1
1
1
1
1
1
1
1
1
1
1
1
1
1
1
1
1
1
1
1
1
1
1
1
1
1
1
1
1
1
1
1
1
1
1
1
1
1
1
1
1
1
1
1
1
1
1
1
1
1
1
3
3
3
3
2
2
0
0
0
0
0
3
3
82
82
82
82
82
82
82
82
82
82
4
4
4
4
4
4
4
4
1
1
1
0
0
4
4
1
1
1
1
1
4
4
4
4
4
4
3
4
4
4
4
4
4
4
4
4
4
4
4
4
4
4
4
4
4
4
4
0
0
0
0
0
0
0
0
0
0
0
5
5
5
5
5
5
5
5
5
5
5
5
5
5
5
5
5
5
5
5
0
0
2
2
2
7
7
7
7
7
30
30
30
30
30
30
30
30
30
30
30
1
1
4
4
4
4
4
4
4
4
4
4
4
4
4
4
4
4
4
4
4
4
4
1
1
1
1
1
1
1
1
20
20
20
0
0
42
42
42
42
