0
0
0
1
1
12
1
0
9
0
0
0
0
0
0
1
1
2
2
2
0
0
3
0
0
0
1
1
0
0
0
1
0
0
0
1
1
1
0
0
0
1
1
0
0
0
1
1
1
1
1
1
0
0
0
0
0
0
0
0
0
0
0
0
0
0
0
0
0
0
0
0
0
0
0
0
0
0
0
1
1
1
1
63
63
63
63
1
1
1
1
1
1
1
1
1
1
2
1
1
0
1
1
1
1
1
1
1
1
3
3
3
0
0
0
0
1
1
1
1
0
9
1
0
0
0
0
0
1
1
1
1
1
1
2
2
10
10
3
3
3
3
1
1
0
2
2
1
1
1
0
0
3
3
2
2
1
0
0
0
0
4
4
4
4
4
4
4
4
4
4
0
0
0
4
4
0
0
52
1
1
1
4
4
4
4
4
4
4
4
4
4
4
4
4
4
4
1
1
0
4
4
4
4
4
4
1
0
0
4
4
4
1
1
1
1
1
0
0
0
0
4
4
4
4
4
0
4
4
0
0
4
4
4
4
4
4
4
2
2
4
4
4
4
4
4
4
4
4
4
4
4
4
4
4
4
4
4
4
4
4
4
4
4
4
4
4
4
4
4
4
1
1
0
0
0
4
4
4
4
4
4
0
0
1
1
4
4
4
4
4
4
2
4
4
4
4
4
1
1
1
4
3
3
4
4
4
4
4
4
4
4
4
4
4
4
4
1
1
4
4
4
4
4
4
4
4
4
1
1
4
4
4
4
4
4
4
4
4
4
4
4
4
4
4
4
4
4
1
1
4
4
4
4
1
4
4
4
4
4
1
1
0
4
4
4
4
1
1
18
18
18
18
18
18
18
18
18
18
18
18
18
18
0
0
3
2
2
2
18
18
18
18
18
18
18
18
3
2
4
4
4
4
4
0
0
4
4
4
4
4
4
4
4
4
4
4
4
4
4
1
0
2
4
4
3
4
4
4
4
4
4
4
4
4
4
4
4
4
4
12
12
4
4
4
4
4
4
4
4
4
4
4
4
4
4
4
4
4
4
4
4
4
4
4
4
4
4
4
15
4
4
4
15
1
1
1
12
12
4
15
11
11
11
11
11
1
1
0
2
2
9
1
3
0
0
0
1
1
14
14
14
46
46
46
2
2
3
2
1
1
0
14
14
46
1
1
3
0
0
4
4
4
4
4
4
4
4
4
