0
0
0
0
12
4
4
4
2
2
4
3
83
83
83
83
83
83
83
2
2
2
2
2
2
15
2
2
2
2
1
10
10
10
10
10
10
10
1
1
2
2
8
8
8
8
12
12
4
4
4
4
4
4
4
4
1
1
14
14
11
11
11
2
0
0
1
1
1
0
0
1
1
1
0
0
0
11
11
11
11
11
1
1
2
0
0
1
1
9
9
9
1
0
0
0
11
11
11
11
11
11
1
1
0
0
11
11
1
1
9
9
1
1
0
1
1
0
1
1
0
1
1
1
0
1
1
0
1
1
3
3
0
0
2
2
1
1
1
1
1
1
1
1
1
1
1
1
1
1
1
3
0
0
0
11
11
11
2
2
1
1
1
1
9
9
1
0
0
0
0
0
1
1
1
3
3
0
1
1
2
4
4
4
4
1
4
4
4
4
4
4
4
4
1
1
4
4
4
4
4
4
1
3
4
4
4
4
4
4
1
3
3
0
0
8
8
8
4
4
11
11
11
1
1
0
0
0
0
0
1
1
1
0
0
0
0
0
1
1
1
1
1
0
0
1
1
0
0
1
1
2
0
0
2
2
2
2
2
2
2
2
2
2
2
90
90
90
90
90
90
90
90
90
90
90
90
90
90
90
90
90
90
90
90
90
90
90
63
63
1
1
1
1
1
1
1
1
1
1
1
1
0
0
0
0
0
0
0
0
0
0
2
2
2
1
1
1
3
0
1
1
3
2
4
4
4
4
4
1
1
3
3
3
4
3
1
1
1
1
1
2
4
4
4
4
4
4
4
4
18
4
4
4
4
4
4
4
4
4
4
4
4
4
4
4
4
4
1
1
0
0
4
4
4
4
1
0
0
4
4
1
0
4
4
1
1
0
2
2
4
4
4
4
4
4
4
0
1
4
4
4
4
4
4
1
0
4
4
4
4
4
4
1
1
0
4
4
4
1
1
0
4
4
2
4
4
4
4
4
1
1
0
0
9
4
4
4
4
4
4
4
4
4
4
1
4
4
4
4
1
1
4
4
4
4
4
1
1
4
4
4
1
4
4
4
4
4
4
1
1
18
18
4
4
4
4
4
4
4
4
4
4
4
4
4
4
1
1
4
4
4
4
1
1
4
4
4
4
1
1
3
10
10
10
10
10
10
10
10
10
10
2
2
10
10
10
10
10
10
10
10
10
9
3
8
8
8
3
2
2
4
4
4
4
4
4
4
4
4
4
4
4
4
4
1
1
4
8
8
4
4
4
4
4
3
3
3
3
4
4
4
4
4
4
4
4
4
4
0
0
0
0
14
14
12
12
46
46
2
1
1
1
1
3
3
2
2
8
9
3
9
9
9
9
4
0
1
1
9
9
9
9
9
9
9
15
0
1
1
0
0
2
2
2
2
3
3
2
0
0
0
0
3
0
0
0
0
0
1
0
0
1
1
1
0
0
0
0
1
1
0
0
0
0
1
1
1
0
0
3
3
1
1
10
10
3
3
2
2
4
4
4
4
4
4
4
4
1
1
4
4
4
3
1
1
11
11
11
11
11
14
14
1
4
4
4
9
2
2
2
2
1
1
3
3
3
4
4
1
1
1
