9
9
9
2
2
4
4
3
14
14
0
0
11
11
11
1
1
0
2
2
1
3
3
0
0
0
2
0
0
1
1
0
0
0
1
0
0
1
1
1
0
0
0
1
1
0
0
1
3
1
1
3
3
2
0
0
1
1
1
1
1
1
1
1
1
1
1
0
0
0
0
3
3
3
3
3
3
3
3
3
0
0
2
1
1
2
2
2
3
0
0
1
1
1
0
0
0
0
3
2
2
1
1
1
1
1
1
1
3
3
0
0
1
1
0
11
11
11
11
11
1
0
11
11
11
11
1
1
0
0
2
1
1
3
0
0
11
11
2
2
1
3
1
1
0
0
1
1
0
0
2
18
18
18
18
18
18
18
18
18
18
3
46
46
46
46
46
46
18
18
18
18
46
3
8
8
0
0
2
2
2
2
1
1
1
1
46
46
46
0
8
8
2
2
4
4
4
1
1
1
1
3
3
4
4
4
4
4
4
2
3
4
4
4
4
4
4
2
2
4
4
4
4
4
4
1
1
4
4
4
4
1
4
4
1
4
4
4
1
4
109
109
3
11
11
11
1
0
0
2
2
2
2
2
10
10
10
10
2
8
8
3
2
4
4
4
4
4
4
4
4
4
4
4
4
4
4
4
4
4
4
4
4
4
4
1
3
2
2
4
1
1
3
3
9
9
14
14
2
2
4
4
3
14
14
11
11
11
1
0
0
1
10
10
10
10
44
44
44
1
4
4
4
4
4
4
4
4
4
4
4
4
4
4
4
4
4
4
4
4
4
4
4
4
4
4
4
4
4
4
4
4
4
9
9
38
38
38
38
38
4
4
4
4
4
12
4
4
4
0
4
4
4
4
1
4
4
15
4
4
4
9
9
9
9
9
1
1
1
1
4
4
4
4
4
4
4
4
4
4
4
4
4
4
4
4
4
4
4
4
4
4
4
4
4
4
4
4
4
4
4
4
4
4
4
2
4
4
4
4
4
3
21
21
4
4
4
4
4
4
4
4
4
4
4
4
4
4
4
4
4
4
4
4
4
4
4
4
4
4
4
4
4
4
4
4
4
4
4
4
4
4
4
4
4
4
0
0
2
2
1
4
4
4
3
4
4
4
2
4
4
4
4
4
3
21
21
4
4
4
4
4
21
21
21
1
1
1
1
0
0
1
1
1
0
0
1
1
1
15
15
