0
1
9
9
9
1
1
0
1
1
0
0
2
2
8
8
8
8
8
0
0
8
3
3
1
1
1
2
2
2
11
11
11
11
11
11
11
11
11
4
4
3
14
14
1
1
0
2
2
2
1
1
1
0
9
9
9
9
1
1
1
1
1
1
1
1
1
1
1
0
1
0
0
1
1
1
1
9
9
9
0
0
0
0
1
1
1
1
1
1
3
3
3
0
1
0
8
8
12
4
4
4
4
24
24
24
24
14
14
14
1
1
15
0
0
1
1
0
18
18
1
1
0
91
91
91
12
12
1
1
1
12
4
4
15
4
4
4
4
4
4
4
4
1
1
18
4
4
4
4
4
4
1
1
4
4
4
4
4
1
1
1
4
0
0
4
4
14
8
8
3
2
2
4
4
14
14
11
11
11
11
2
0
0
11
11
9
9
1
1
9
9
0
0
1
0
0
0
22
74
1
1
0
0
1
1
2
2
2
1
2
1
1
2
4
4
4
4
4
4
4
4
4
4
4
4
4
1
1
0
0
4
4
4
4
4
4
4
4
1
1
9
9
9
0
2
2
4
4
4
1
4
4
1
1
4
4
4
4
4
4
4
1
0
0
1
0
4
4
4
1
1
9
9
2
4
4
4
4
4
4
4
4
3
0
0
1
1
0
0
4
4
4
4
4
1
4
4
4
4
4
4
4
4
4
4
4
1
1
0
4
4
4
4
4
4
4
4
4
1
1
0
4
4
1
1
0
0
4
4
1
0
0
4
4
1
9
9
9
0
4
4
1
0
0
2
4
4
4
4
1
0
0
4
4
4
4
1
1
0
0
4
4
4
2
4
4
4
4
4
9
9
4
4
4
1
1
0
0
4
4
4
4
4
4
4
1
1
0
4
4
4
4
1
1
0
0
4
4
4
1
0
0
4
4
4
4
4
4
4
1
1
0
0
4
4
4
4
4
4
4
1
0
0
4
4
1
1
0
4
4
4
4
4
1
1
0
4
4
4
4
1
1
0
0
4
4
4
4
1
1
4
4
4
4
4
4
4
10
10
10
10
10
4
4
4
1
4
4
4
3
0
0
4
4
0
1
1
1
2
4
3
4
4
4
4
4
1
9
4
4
4
4
4
4
4
4
4
1
1
0
4
4
4
1
1
1
1
1
1
1
0
0
4
4
4
0
0
4
4
4
4
4
4
4
1
12
4
4
4
4
4
4
4
4
4
4
1
1
1
1
1
0
0
0
0
1
4
4
4
4
4
4
4
4
1
0
0
4
4
4
4
4
4
4
4
4
4
4
4
1
1
0
4
4
4
4
4
4
4
4
4
4
4
4
4
4
1
1
0
0
4
4
4
4
1
1
0
0
4
4
4
4
4
4
4
1
1
0
4
4
4
4
1
0
0
4
4
4
4
1
2
2
4
4
4
4
4
4
4
4
4
4
1
1
0
4
4
4
4
4
4
4
4
1
1
0
0
0
1
1
3
14
14
0
0
0
0
4
4
4
2
4
4
4
4
4
4
4
4
1
1
4
4
4
0
0
4
4
4
4
3
14
14
11
11
11
11
11
1
1
2
2
0
0
1
1
1
1
1
0
0
0
0
0
0
0
0
0
0
0
0
0
0
0
0
1
1
1
1
1
14
14
46
46
46
46
2
1
3
0
0
14
14
46
46
3
3
3
1
1
0
0
1
1
4
4
4
12
7
7
7
1
1
12
4
4
4
4
4
4
4
4
4
4
4
4
4
4
4
4
4
4
4
4
1
1
1
1
0
0
9
9
1
1
2
2
24
24
24
24
24
24
24
24
4
4
4
18
18
3
3
4
4
4
4
4
4
4
4
4
4
1
1
2
2
4
4
4
4
4
4
4
4
4
4
1
1
1
1
1
9
9
1
1
0
4
4
4
4
4
4
1
18
18
4
4
4
4
4
4
4
1
1
1
1
0
0
4
4
4
4
1
1
18
18
0
0
4
4
4
4
4
4
4
4
4
4
4
4
4
4
1
1
0
24
24
24
14
14
18
18
18
24
24
24
14
14
18
18
18
18
18
3
3
1
1
1
1
1
2
2
4
4
4
3
11
11
11
11
11
11
1
1
0
0
8
8
8
8
8
2
1
1
1
3
3
9
9
0
0
2
2
93
93
93
3
3
8
8
8
0
0
8
8
8
2
2
2
3
1
0
0
4
4
4
3
3
21
21
21
2
2
0
0
44
44
44
44
1
4
4
4
4
1
1
1
1
1
1
4
4
4
4
4
4
4
4
73
73
73
73
1
1
1
4
4
4
4
4
4
4
4
4
4
4
4
4
4
4
4
4
0
2
1
1
3
4
4
4
4
4
4
4
9
9
9
9
9
9
9
4
4
4
4
4
4
4
4
4
4
4
1
1
4
4
4
1
1
4
4
9
10
10
10
10
10
10
10
10
10
10
10
10
10
10
10
10
10
9
9
9
9
9
9
9
9
9
2
8
8
4
3
3
4
4
4
0
4
4
4
4
4
4
4
3
3
3
1
1
1
1
2
2
4
4
4
4
3
14
14
0
0
11
11
11
11
11
11
1
