12
12
12
0
0
1
2
2
2
2
2
0
0
0
0
1
1
7
7
7
7
7
7
7
7
7
7
7
7
7
7
0
2
2
2
2
7
7
6
6
6
3
3
1
1
0
0
1
2
2
2
0
1
2
0
0
2
0
0
3
2
1
3
2
2
2
2
0
0
0
0
0
0
0
0
0
0
1
1
1
1
1
1
1
1
14
14
14
14
14
0
0
22
22
14
14
14
14
14
14
14
97
97
97
97
97
97
97
97
97
97
97
97
97
97
97
97
97
97
97
97
97
97
97
97
97
14
14
14
14
14
1
1
3
3
9
9
22
22
22
0
74
74
74
74
74
74
74
74
74
74
74
74
1
1
2
2
12
12
9
9
17
17
17
17
9
9
9
0
0
2
1
1
1
1
1
1
1
1
1
3
2
9
9
3
3
0
0
2
0
2
1
1
1
3
1
3
3
0
0
4
4
4
1
1
1
2
8
8
8
8
8
8
8
3
1
1
1
1
2
2
2
4
4
0
4
1
1
1
4
4
0
0
0
4
4
4
4
4
4
4
4
4
4
4
4
4
4
4
4
4
4
4
4
4
4
4
4
4
4
4
4
1
1
1
1
0
0
4
4
1
1
0
4
4
4
1
0
4
4
4
4
4
4
4
4
4
4
4
4
4
1
1
0
0
4
4
4
1
0
0
4
4
4
4
1
0
0
4
4
4
1
1
1
0
9
0
4
4
4
4
4
4
1
1
1
1
1
0
0
0
0
18
18
4
4
4
4
1
0
1
4
4
4
4
4
4
4
4
1
2
4
4
4
4
4
4
4
4
4
4
4
3
1
1
2
2
4
4
4
4
4
4
4
4
1
1
2
4
4
4
4
4
4
1
1
4
4
4
4
4
4
4
1
1
4
4
4
4
4
1
1
1
0
0
4
4
4
4
4
4
4
4
1
1
0
0
4
4
4
1
1
1
0
4
4
4
1
4
4
1
4
14
14
0
0
11
11
2
2
3
3
0
0
0
18
18
4
4
4
4
4
4
4
4
4
4
4
4
4
4
4
4
4
4
4
4
4
4
4
1
0
0
5
5
5
5
5
5
2
4
4
4
4
4
4
4
4
4
4
4
3
1
1
1
1
2
4
4
4
4
4
4
4
4
4
4
4
4
4
1
1
1
9
9
1
1
1
0
0
4
4
4
4
4
4
4
4
4
4
4
4
4
4
4
1
1
14
14
11
11
1
1
0
0
0
0
0
0
0
0
0
0
0
0
9
9
1
1
1
1
4
4
4
4
4
0
0
8
8
8
3
3
2
2
4
4
3
0
0
1
1
0
0
4
4
4
4
4
4
4
4
4
4
4
4
1
1
0
0
4
4
4
4
4
4
4
4
4
4
4
4
4
4
4
4
4
4
4
4
1
0
4
4
0
0
4
4
4
1
2
4
4
3
3
0
11
2
2
3
15
15
1
1
1
1
0
4
4
1
0
4
4
1
1
2
4
4
4
4
4
1
1
0
4
4
4
1
1
1
4
4
4
3
1
1
1
0
0
11
11
11
1
1
2
2
0
0
3
9
9
2
2
2
2
2
2
0
0
0
7
7
0
0
7
0
7
0
0
7
7
7
6
6
6
6
6
6
6
3
3
3
3
6
6
6
1
3
3
3
0
1
0
0
1
1
1
1
1
0
3
0
1
1
1
1
1
1
0
0
0
0
0
0
7
7
7
7
7
7
7
7
7
7
7
7
7
7
7
7
7
7
7
7
7
7
1
1
1
1
1
1
1
2
2
3
0
0
2
8
3
