2
2
2
2
2
2
0
0
0
0
0
0
0
0
1
1
0
0
0
9
3
3
3
3
3
3
1
1
2
2
4
4
4
4
4
4
4
4
4
4
4
4
4
4
4
4
4
4
3
4
4
3
1
11
11
11
11
1
1
2
2
0
16
16
16
16
16
16
16
16
16
16
16
16
16
16
16
16
16
16
16
16
16
16
16
16
16
16
16
16
16
16
16
16
16
16
16
16
16
16
16
16
16
16
16
16
16
16
16
16
16
16
16
16
16
16
16
16
1
1
1
1
0
0
0
0
0
66
66
66
66
66
2
2
8
3
0
0
0
0
0
16
16
16
16
16
16
16
16
16
16
16
16
16
16
16
16
16
16
16
16
16
16
16
16
16
16
16
16
16
16
16
16
16
16
16
16
16
16
16
16
16
16
16
16
16
16
16
16
16
16
16
16
16
16
16
16
16
16
16
16
16
1
1
1
1
66
66
66
66
2
2
8
3
12
4
4
15
14
11
11
11
1
1
2
2
2
0
3
5
5
5
0
5
5
5
5
5
5
5
5
5
5
5
5
10
10
1
10
10
10
1
1
5
5
10
10
1
5
5
10
10
10
10
10
10
1
1
5
5
5
5
5
10
10
10
10
1
1
5
5
5
5
5
5
5
5
10
10
10
10
10
1
1
1
10
10
5
5
1
1
1
10
10
10
1
10
10
1
0
0
5
5
5
5
5
5
5
5
10
10
10
10
1
5
5
10
1
5
5
5
10
10
1
5
5
10
10
1
5
5
5
5
5
10
1
1
5
5
5
5
5
5
5
5
5
5
5
5
5
10
10
1
1
1
5
5
10
1
1
1
1
10
10
10
1
0
0
0
0
0
0
0
1
4
4
1
2
2
8
8
8
3
2
2
4
4
4
3
14
14
11
11
11
11
1
0
0
1
1
2
2
4
4
4
4
3
0
0
11
11
11
1
1
1
1
1
1
1
0
16
16
16
16
16
5
5
5
5
5
5
5
5
5
5
1
1
1
8
8
8
3
2
2
4
4
4
3
3
14
11
11
11
11
1
1
2
2
0
3
2
2
2
2
2
2
10
10
10
10
10
2
2
2
2
0
0
0
22
22
12
12
3
3
1
1
1
1
1
1
1
1
2
2
1
1
1
1
1
3
3
2
0
0
0
0
3
3
1
1
1
1
2
2
0
0
3
1
1
2
2
2
3
3
3
2
0
0
1
0
0
1
1
3
3
3
2
2
2
0
0
3
3
9
9
1
1
2
2
0
0
0
0
44
44
4
44
44
44
4
4
4
4
1
2
2
4
4
21
21
21
21
0
44
4
4
4
44
4
4
0
1
0
0
1
1
9
9
9
9
9
9
0
0
9
44
4
4
4
4
4
4
4
4
4
4
4
4
4
4
4
4
44
44
44
9
44
4
4
4
4
4
9
4
4
2
2
1
1
3
0
0
8
8
3
12
12
4
7
7
4
4
4
4
4
4
4
4
4
4
3
14
14
11
11
11
11
11
1
1
0
0
0
1
2
2
0
0
36
36
36
36
36
36
36
36
1
0
36
36
36
36
36
1
1
1
0
1
1
2
1
9
1
1
3
1
1
2
2
0
0
0
3
3
1
1
0
0
1
1
1
2
2
2
1
1
0
0
1
1
1
9
9
0
0
0
1
1
1
1
9
9
1
1
0
0
0
1
1
1
1
1
15
15
15
15
0
0
0
7
7
7
9
9
7
7
7
7
7
7
7
7
9
9
1
1
0
0
28
28
47
47
47
