2
2
1
1
1
1
1
2
2
0
0
0
11
11
11
11
1
1
1
1
9
9
9
1
1
1
0
0
0
3
3
1
1
1
9
9
9
9
9
9
9
1
1
0
0
0
0
1
1
0
0
2
2
1
0
0
0
2
1
1
1
1
1
1
1
1
1
1
1
1
1
1
1
1
1
9
1
1
1
3
0
0
1
1
1
0
0
1
1
0
0
9
9
9
9
9
9
9
9
9
9
9
0
1
9
9
9
9
9
9
9
9
9
9
1
1
0
0
1
1
1
0
0
1
1
3
3
0
2
2
1
1
3
3
0
1
1
2
0
0
0
1
1
1
0
0
3
2
2
2
2
1
1
0
22
22
22
22
22
22
1
1
7
7
7
7
7
7
7
7
7
7
1
1
0
0
2
7
7
7
7
7
0
0
0
0
7
7
7
7
7
0
0
7
7
0
1
1
1
1
7
7
37
37
37
37
37
37
37
37
13
13
13
13
13
13
13
13
13
13
1
1
10
14
14
14
2
2
1
1
1
1
1
1
1
1
1
1
32
32
23
23
23
23
2
2
2
2
0
0
3
1
1
10
10
10
10
10
10
10
1
1
0
1
1
32
32
23
23
10
10
10
1
1
7
1
1
1
0
0
14
14
22
22
0
0
22
22
3
3
2
1
1
0
3
3
0
0
0
0
1
1
1
1
1
0
0
2
2
0
0
2
7
7
7
7
7
7
7
7
7
3
3
3
1
1
3
7
7
7
7
7
7
7
22
22
22
22
3
3
23
23
23
2
2
4
4
1
1
4
4
3
0
4
4
4
1
2
4
4
4
14
18
18
4
4
24
24
4
4
3
4
4
4
4
1
4
4
4
4
4
4
4
4
4
4
4
4
1
0
4
4
4
2
4
4
4
4
4
1
1
1
4
4
4
14
14
4
4
14
14
14
14
14
14
14
14
14
14
14
1
4
4
4
24
24
24
18
24
24
24
24
14
18
24
24
18
1
1
0
0
0
4
4
4
4
4
4
1
1
3
4
4
4
4
4
4
3
14
14
11
11
11
11
11
1
1
1
0
0
0
0
0
0
0
0
3
3
