0
0
12
12
24
24
0
22
11
11
11
11
2
1
1
0
1
1
0
0
11
11
11
11
11
15
2
2
1
3
3
3
0
0
1
0
1
1
1
1
1
1
1
1
0
0
1
1
9
9
2
2
2
1
1
1
1
1
3
3
0
0
1
1
0
0
0
1
1
1
1
1
0
0
0
1
1
1
0
0
0
0
0
0
0
2
2
8
0
0
0
1
1
2
2
9
4
9
9
4
4
4
4
4
4
4
4
4
4
4
4
4
4
4
4
4
1
1
3
3
3
9
9
9
1
1
2
4
4
4
4
4
1
1
4
4
1
1
1
1
0
2
2
24
24
4
4
4
1
1
4
4
4
4
4
4
4
4
4
4
4
4
4
4
4
4
4
4
4
4
4
4
4
4
4
1
1
4
3
0
4
4
1
1
1
1
1
0
0
0
4
4
4
4
1
1
0
0
4
4
4
4
4
4
1
1
0
0
4
4
4
4
4
4
1
0
0
4
4
4
4
4
4
4
4
4
4
4
1
1
1
0
4
4
4
4
1
0
4
4
4
4
4
1
1
0
0
4
1
0
0
4
4
1
0
9
0
4
4
4
4
4
4
4
4
4
1
0
4
4
4
4
4
4
4
4
1
0
0
4
4
4
4
4
4
4
4
4
4
4
1
1
18
18
18
18
4
4
4
4
4
4
4
4
4
4
4
4
4
1
1
2
4
4
4
4
4
4
4
1
1
4
4
4
4
4
4
4
4
4
4
4
4
4
4
4
4
4
4
4
4
1
1
4
4
4
4
1
1
1
9
4
4
4
4
4
1
1
4
4
4
4
4
1
1
1
1
4
4
4
1
4
4
4
4
4
4
4
4
4
4
1
1
1
9
9
1
1
1
1
4
4
4
4
4
4
4
4
4
1
1
1
9
9
4
4
4
4
4
4
4
1
1
4
4
4
4
4
4
4
4
4
4
4
4
4
4
4
4
4
4
4
1
1
4
4
3
3
0
0
0
1
1
2
4
1
1
1
4
4
4
4
4
4
4
4
4
4
4
4
4
4
4
4
4
4
4
4
4
4
1
1
2
4
4
4
4
4
4
4
4
1
1
1
1
4
4
4
4
4
4
4
4
4
4
4
1
1
1
4
4
4
4
1
4
3
11
11
11
11
11
11
11
11
11
14
14
1
1
1
2
2
2
2
2
2
2
2
2
0
0
24
24
24
24
24
24
24
24
7
7
7
7
7
7
3
3
3
1
2
2
0
3
0
0
2
1
1
0
0
0
0
0
0
0
22
22
22
22
22
22
4
4
4
4
4
4
2
2
9
9
22
22
3
3
74
74
74
74
74
74
74
0
1
1
0
12
12
17
17
17
17
17
1
0
3
3
3
2
1
1
3
2
4
4
4
4
4
4
4
4
4
4
0
4
4
4
21
21
4
4
4
4
4
4
4
4
4
4
4
4
4
4
9
4
4
4
4
3
2
2
4
4
3
14
14
0
11
11
11
11
11
11
1
1
0
0
1
1
0
0
0
0
0
0
0
0
1
1
2
14
14
14
3
3
13
13
1
13
13
13
0
2
2
14
14
1
1
1
1
1
1
1
1
1
1
2
2
1
3
3
0
0
2
1
3
2
3
3
2
4
4
4
4
4
4
4
4
1
1
4
4
4
4
4
4
1
2
4
4
4
4
4
4
4
4
1
1
0
4
4
4
4
1
1
1
4
4
0
4
4
4
4
4
4
4
4
1
1
4
4
4
4
4
4
4
4
4
4
4
4
4
4
4
4
4
4
4
4
9
9
9
4
4
4
2
4
3
3
3
2
4
11
11
11
11
11
0
0
1
1
0
1
1
1
1
0
0
0
44
44
4
4
44
4
44
44
4
4
4
4
4
4
4
4
4
4
4
4
4
4
1
1
2
2
2
2
3
3
0
0
0
1
2
2
1
3
0
1
1
3
0
46
46
46
46
46
46
46
46
46
2
1
3
0
4
4
4
4
4
4
4
4
4
4
4
4
4
4
4
4
4
4
0
28
28
28
1
13
13
4
4
4
4
9
4
4
13
1
0
0
2
4
4
4
4
1
9
13
0
0
0
0
0
0
0
18
18
18
3
2
2
4
4
18
1
1
3
4
11
11
11
11
1
1
2
2
0
0
1
1
0
0
0
1
1
1
1
1
1
1
1
1
1
1
1
1
1
1
3
3
0
0
1
1
2
2
3
15
15
2
2
0
0
0
3
2
0
0
0
0
22
22
0
0
0
22
3
3
9
9
0
0
7
7
7
7
7
7
7
7
7
7
7
7
7
7
7
1
1
6
6
6
6
6
6
6
6
6
6
6
6
6
6
6
6
6
6
6
6
6
6
6
6
6
6
1
1
1
1
1
