0
0
14
14
0
11
11
11
11
11
11
11
11
11
11
11
14
1
1
1
1
0
11
11
1
1
1
0
1
1
0
0
3
2
1
1
9
9
3
3
2
10
10
10
10
1
9
9
9
1
1
10
2
18
18
18
18
18
18
18
18
18
18
3
3
2
2
4
4
4
4
4
4
4
4
4
4
4
4
4
4
4
4
4
4
4
4
4
4
4
0
0
0
1
1
1
1
4
4
4
4
4
4
0
0
18
4
4
4
4
4
4
4
4
4
4
1
0
0
4
4
4
1
1
0
4
4
1
2
2
4
4
4
4
1
2
2
4
4
4
4
3
1
1
1
4
4
4
4
1
4
4
9
9
24
24
24
4
4
4
4
4
4
4
4
9
4
4
4
4
4
4
4
4
4
4
4
4
4
18
18
4
4
4
4
4
4
4
4
4
4
4
4
4
4
4
4
4
4
4
18
18
1
1
1
1
0
0
4
4
4
4
4
1
1
0
0
4
4
4
1
0
4
4
4
4
4
1
0
4
4
4
1
1
4
4
3
11
11
11
11
1
1
0
0
1
3
3
3
3
2
1
1
1
1
9
9
0
0
0
1
1
1
1
0
0
0
0
0
9
1
1
1
0
0
0
0
0
0
0
0
1
14
14
46
46
2
1
1
0
80
14
14
46
1
1
3
3
9
0
0
9
9
9
0
1
1
0
0
0
0
3
3
44
44
4
4
4
44
4
44
44
4
4
4
4
4
4
4
4
4
44
44
44
44
44
44
44
4
4
4
4
4
4
4
4
4
4
4
4
4
4
4
4
4
4
4
4
2
4
4
4
4
4
3
1
1
1
4
4
4
4
4
4
4
4
1
0
0
1
1
2
2
22
22
22
0
22
22
3
3
0
0
2
1
1
3
0
2
2
4
4
4
4
4
15
15
4
4
4
4
4
4
1
1
4
4
4
4
2
4
4
4
4
4
4
4
4
4
1
1
0
4
4
4
4
14
14
4
1
0
0
0
0
0
4
4
4
4
4
4
1
0
4
4
4
4
4
4
4
4
4
4
1
0
4
4
4
4
4
4
4
4
4
1
1
0
4
4
1
0
4
4
2
4
4
4
4
1
1
4
4
1
1
4
4
4
4
1
1
4
4
4
1
1
0
0
4
4
4
1
1
4
4
4
4
4
4
1
1
4
0
0
4
4
4
4
4
4
4
4
4
4
3
1
1
1
1
10
10
10
10
10
10
10
10
10
10
10
10
10
10
9
2
2
8
8
3
4
3
14
14
11
11
11
11
1
1
0
4
4
4
4
10
10
10
10
10
4
4
4
4
4
4
4
4
2
8
8
3
2
4
4
9
9
4
4
1
1
9
4
14
14
11
11
11
11
11
11
1
