0
1
1
1
1
12
12
12
0
1
2
2
0
0
0
0
1
1
1
2
3
3
3
3
0
0
0
1
1
1
1
1
2
2
0
0
0
0
1
1
1
1
3
3
3
3
3
3
3
3
3
0
0
1
1
1
1
2
2
0
0
1
1
3
3
2
2
0
0
1
1
1
1
1
1
1
1
1
1
1
1
1
1
1
1
1
1
1
1
1
1
1
1
1
1
1
1
1
1
1
1
1
1
0
0
8
2
2
2
0
0
1
0
0
1
1
0
0
1
1
0
1
1
0
0
0
1
0
0
2
2
1
1
1
3
3
3
3
0
0
1
1
0
0
1
1
2
2
2
2
2
2
0
2
2
0
0
0
0
0
1
1
1
1
23
23
23
23
23
23
23
23
23
23
23
23
23
23
23
23
23
23
23
23
23
23
23
23
23
23
9
9
9
9
9
9
9
37
37
37
37
37
37
37
37
37
37
37
1
1
2
0
0
0
0
0
0
0
0
0
0
5
5
5
5
5
5
5
5
5
5
5
5
5
5
5
5
5
5
5
5
5
5
5
5
5
5
5
5
5
5
5
5
5
5
5
5
5
5
5
5
5
5
5
5
5
5
5
5
5
5
5
5
1
1
1
1
1
1
3
3
3
3
3
2
2
1
1
0
0
3
3
1
1
0
0
4
4
4
4
4
4
4
4
4
4
4
4
4
4
4
4
4
4
3
0
0
0
0
1
1
1
1
1
1
1
1
1
1
1
1
1
1
1
1
1
1
1
1
0
13
13
13
1
1
1
1
1
1
1
1
1
1
1
1
1
1
1
1
1
1
1
1
3
3
3
3
1
1
0
0
1
1
1
3
3
3
0
0
0
5
5
5
5
5
5
5
5
5
1
1
1
48
48
48
0
0
0
0
5
5
5
5
5
5
5
5
5
5
5
5
5
0
0
5
5
5
5
5
5
5
5
5
5
5
0
0
5
5
5
5
5
5
5
5
5
5
5
0
5
5
5
5
5
5
5
5
5
5
5
0
0
5
5
5
5
5
5
5
5
5
5
5
5
5
22
22
22
22
22
22
22
22
22
22
22
22
22
22
0
0
0
0
0
1
1
0
0
13
13
13
13
0
0
0
0
1
1
1
9
9
9
9
9
9
23
23
23
23
23
0
0
0
0
15
15
1
1
0
0
0
0
0
0
16
16
16
16
16
16
16
16
16
0
0
0
3
3
0
0
1
1
1
1
16
16
16
16
16
16
16
16
16
16
16
16
16
16
16
16
16
16
16
16
16
16
16
16
16
16
16
16
16
16
16
16
16
16
16
16
16
16
16
16
16
16
16
16
16
16
16
16
16
16
16
16
16
16
16
16
16
1
1
5
5
5
5
5
5
5
5
5
5
5
5
5
5
5
5
5
5
5
5
5
5
5
5
5
5
5
5
5
5
5
5
5
5
5
5
5
5
5
5
5
5
5
5
5
5
5
5
5
5
5
0
0
0
0
0
1
1
1
1
1
1
4
4
4
4
4
0
0
0
0
1
1
1
0
0
1
1
1
1
1
1
1
1
1
1
1
1
1
1
1
1
1
1
1
0
0
1
1
1
1
1
1
1
3
3
1
1
1
1
1
1
1
1
3
3
3
3
3
1
1
1
1
2
2
1
1
1
1
1
1
1
1
1
1
1
1
1
1
1
1
3
3
3
3
0
0
6
6
6
6
6
6
1
1
1
0
1
1
2
0
0
0
1
0
0
0
1
1
2
2
2
1
1
3
3
3
2
2
4
4
4
4
4
4
4
4
4
4
4
4
4
4
4
4
4
4
4
4
4
4
4
4
4
4
4
4
3
3
1
1
4
4
4
4
4
4
4
4
0
1
1
2
2
0
0
1
1
1
0
1
1
1
3
3
0
0
0
0
0
0
0
0
8
8
8
12
4
4
15
11
11
11
1
1
1
