0
0
0
0
0
0
0
0
0
1
2
2
1
1
1
1
0
0
4
4
1
1
1
1
1
1
4
4
4
4
4
4
4
4
4
4
4
4
4
4
4
4
4
4
4
0
0
4
0
0
4
4
4
4
1
1
1
0
0
4
4
4
0
0
0
0
0
0
0
9
9
9
9
4
4
4
4
4
0
0
4
4
4
4
4
4
4
4
4
4
4
1
1
0
0
4
4
4
4
4
4
4
1
1
1
0
0
0
4
4
4
4
4
4
4
4
4
1
1
1
1
1
0
0
0
0
4
4
4
4
4
4
4
4
4
4
1
1
4
4
4
4
4
4
4
1
1
1
4
4
4
4
18
18
18
12
12
4
4
4
4
15
15
4
4
4
4
4
4
4
4
4
4
4
4
4
4
4
4
4
12
4
4
4
4
4
4
4
4
4
4
4
4
4
4
4
4
4
4
4
4
4
2
2
1
1
1
2
0
0
4
4
4
4
4
4
4
4
4
4
4
4
4
4
4
4
4
4
4
4
4
4
1
1
1
0
0
4
4
3
4
4
4
4
4
4
4
4
4
2
4
4
4
4
4
4
4
4
1
1
1
1
1
0
0
4
4
4
0
4
4
4
4
4
4
4
4
4
4
4
4
4
1
1
1
1
1
1
1
1
4
4
4
1
1
0
0
4
4
1
1
1
0
4
4
4
4
4
4
4
4
4
4
1
1
1
0
0
0
4
4
4
4
4
4
1
1
0
4
4
4
4
4
4
1
1
0
4
4
4
4
4
1
1
0
4
4
4
4
4
1
1
1
0
4
4
4
4
1
1
1
1
4
4
4
1
1
1
0
4
4
4
4
4
4
4
4
4
4
4
4
4
4
4
4
4
4
4
4
4
4
4
4
4
4
4
4
4
15
4
4
4
4
4
4
4
4
4
4
4
4
4
4
4
4
15
4
4
4
4
4
4
4
4
4
4
4
4
4
4
4
4
15
4
4
4
4
4
4
4
4
4
4
4
4
4
4
4
8
8
8
8
8
8
8
8
8
8
8
8
8
8
8
4
4
2
2
2
3
3
3
3
3
3
3
3
3
3
1
1
1
1
1
1
1
1
3
3
3
0
0
0
11
11
