2
2
0
0
0
2
0
0
0
0
0
0
0
1
3
3
3
3
1
1
0
0
0
0
3
3
5
5
5
5
5
5
5
5
5
5
5
5
5
5
5
5
5
5
5
16
16
16
16
16
16
16
16
16
16
16
16
16
8
8
8
8
8
5
5
5
5
5
5
5
5
5
5
5
5
5
5
5
5
5
0
0
0
1
1
1
1
3
3
0
16
16
16
16
16
16
16
16
16
16
16
16
16
16
16
5
5
5
5
5
5
5
5
5
5
5
5
5
5
5
5
5
5
5
0
8
8
8
8
0
0
18
18
18
18
18
4
4
4
4
4
4
4
4
4
4
4
4
4
4
9
9
2
2
2
2
2
4
4
4
4
4
4
24
24
4
4
4
4
4
4
4
4
4
4
4
4
4
4
4
4
4
4
4
4
4
4
4
4
4
0
0
11
11
11
11
0
0
0
0
1
1
1
1
1
1
1
1
1
1
1
1
1
1
1
1
1
1
1
1
1
1
1
1
1
1
4
4
4
4
4
3
3
3
3
3
3
3
3
3
4
4
4
4
4
4
4
4
4
4
4
4
1
1
11
11
11
11
11
11
21
21
21
1
1
12
12
12
0
0
0
0
0
1
1
2
2
0
0
0
0
0
0
0
0
0
0
0
0
0
1
20
20
20
2
2
0
0
3
3
3
1
20
20
20
20
20
20
20
20
20
20
4
4
4
4
4
7
7
7
7
7
4
4
4
4
4
4
4
4
4
4
4
4
15
15
2
1
1
3
0
0
11
11
11
11
20
20
20
20
20
20
20
20
20
20
20
20
20
20
2
2
0
3
3
67
67
67
67
67
67
20
20
20
20
20
20
20
2
2
4
4
4
4
4
4
4
4
4
4
4
11
11
11
11
11
11
20
20
20
20
20
20
20
20
20
20
20
20
20
20
20
20
20
20
20
20
20
20
81
81
81
81
81
81
81
81
81
81
20
20
20
0
0
0
0
1
1
1
1
15
15
15
15
15
15
15
15
15
2
0
0
3
6
6
0
0
0
0
7
7
7
1
1
1
1
1
