0
12
12
4
2
2
2
2
15
4
4
4
4
4
7
7
7
4
4
4
4
4
4
4
4
4
4
4
4
4
15
1
1
0
0
11
11
11
1
1
0
0
0
0
0
0
0
1
1
1
1
1
1
1
1
1
1
1
1
1
1
1
1
1
1
1
1
1
1
1
1
1
3
3
3
3
0
0
0
11
3
3
3
3
3
3
3
3
3
3
4
4
4
4
4
4
4
4
4
4
3
3
0
0
11
11
12
12
12
1
1
1
2
2
0
0
0
0
0
0
0
0
1
1
3
3
0
0
2
2
2
2
2
2
2
2
2
2
2
2
2
2
2
2
2
2
2
2
2
0
0
0
0
0
0
1
1
2
2
0
0
0
1
1
1
0
0
1
3
3
0
0
2
2
2
2
2
0
0
2
2
2
2
2
2
2
2
2
2
2
2
2
2
61
20
20
20
0
0
0
0
0
0
0
0
0
0
0
0
0
1
1
1
1
1
1
1
1
1
1
1
0
0
0
0
0
0
0
36
36
36
36
36
36
0
0
0
36
36
36
36
36
36
36
36
36
36
0
0
0
36
36
36
36
36
0
0
36
36
36
36
36
36
36
36
36
36
36
36
36
36
36
36
0
0
36
36
36
36
36
36
36
36
3
3
3
3
3
3
3
3
3
0
2
1
1
3
0
0
0
1
1
1
0
0
0
0
0
1
1
8
2
2
4
4
4
4
4
4
4
4
4
4
0
4
4
4
0
4
4
4
4
4
4
4
81
81
81
4
4
4
15
2
2
1
3
15
15
0
0
0
4
4
4
4
4
4
4
4
4
1
1
0
0
4
4
4
4
4
4
1
1
12
12
4
4
4
4
4
4
0
0
4
4
4
4
4
4
4
4
4
4
4
4
4
4
4
4
4
4
4
4
4
4
4
4
3
4
4
4
4
4
4
4
4
4
4
4
4
4
4
4
4
4
3
1
1
0
0
0
0
0
11
11
11
11
0
3
3
3
3
3
3
3
3
3
3
3
3
3
3
3
3
2
2
1
1
1
3
3
0
0
1
1
1
0
0
0
0
7
7
7
7
7
7
7
1
1
0
0
1
1
