2
2
2
0
0
0
3
2
2
0
0
0
1
1
3
0
17
17
0
1
12
12
12
12
17
17
17
17
17
0
0
1
1
0
0
0
2
2
0
0
0
3
2
2
0
0
3
3
2
2
2
8
8
8
0
0
0
1
1
1
1
1
1
1
2
2
0
0
3
9
9
9
9
9
9
9
9
9
9
9
9
9
1
0
0
2
2
2
2
2
7
7
7
7
7
7
1
1
1
1
0
0
1
1
1
1
1
1
1
1
1
0
0
6
6
6
1
1
1
0
0
9
9
9
9
9
9
32
32
32
32
32
32
32
32
32
0
0
0
0
0
0
0
0
0
0
0
9
9
9
9
2
2
2
2
2
2
4
4
4
4
3
3
0
0
0
0
0
0
0
0
0
0
6
6
6
6
6
6
6
0
0
0
0
1
1
1
1
1
1
2
2
2
2
0
0
0
0
3
3
1
1
3
3
0
0
0
0
0
9
9
9
9
9
9
9
9
9
20
20
20
20
0
0
0
0
0
0
0
0
0
0
0
1
1
1
1
1
1
1
1
1
1
1
1
1
1
1
1
1
9
9
9
9
9
9
9
9
9
9
9
9
13
13
13
0
0
1
1
1
1
1
1
1
1
1
1
1
1
1
1
1
1
1
1
1
1
1
9
9
9
9
9
9
9
20
20
20
20
20
20
20
20
20
20
20
20
2
2
0
0
0
5
5
5
13
13
13
13
20
20
20
20
9
9
9
9
9
9
9
9
23
23
23
23
23
23
23
23
23
23
32
23
23
23
0
0
1
1
0
0
22
22
1
1
1
23
23
23
23
23
23
23
9
9
9
9
9
9
1
1
0
0
0
0
8
8
9
9
9
9
9
9
9
9
9
9
20
20
23
23
23
23
23
23
23
23
23
23
20
20
32
32
32
1
1
1
1
1
1
1
1
1
0
1
1
1
1
1
23
23
23
23
23
23
23
23
23
20
20
1
0
0
20
20
20
23
23
23
23
23
23
23
23
23
23
23
23
23
23
23
20
20
5
5
5
5
20
20
23
23
23
23
23
23
23
23
23
23
23
23
23
23
23
12
12
23
23
23
23
23
23
0
0
0
0
0
1
1
1
23
23
23
23
23
23
23
32
32
32
32
32
32
32
0
0
1
1
1
1
1
1
1
0
0
0
0
1
1
1
1
1
1
1
1
1
1
20
13
13
13
13
13
13
13
13
13
13
13
0
0
1
1
2
2
0
0
0
1
1
1
2
2
0
0
3
3
1
1
13
13
13
13
13
23
23
23
23
23
23
23
15
15
15
15
1
1
1
12
12
12
1
1
1
1
1
7
7
7
7
7
7
7
7
7
7
7
7
0
0
0
0
11
11
11
0
0
7
7
7
7
7
7
7
7
3
3
3
3
1
1
15
15
15
15
0
0
1
1
1
0
0
1
1
