0
0
0
0
0
0
0
0
0
0
0
0
0
0
1
1
1
1
1
1
1
1
1
1
1
1
1
0
0
0
9
9
9
2
2
2
2
0
0
0
1
1
1
1
1
1
1
1
4
4
4
4
4
4
4
4
4
4
4
4
4
4
4
4
4
4
4
4
4
4
4
4
4
4
4
4
4
4
4
4
4
4
4
4
4
4
4
4
4
4
4
4
4
4
4
4
4
4
4
4
4
4
4
4
4
4
4
4
4
4
4
4
4
4
1
1
1
4
4
4
4
4
4
4
4
4
3
3
3
0
4
4
4
4
1
1
0
0
1
1
1
1
0
1
1
0
0
0
0
11
11
11
11
0
0
1
1
1
1
1
1
1
1
1
1
1
0
0
1
1
2
2
4
4
4
3
3
0
11
11
11
1
1
1
0
0
0
0
0
0
8
0
0
13
13
13
13
13
13
13
13
13
13
13
13
13
13
13
13
13
13
13
13
13
13
13
13
13
13
13
13
13
13
13
13
13
13
13
13
13
13
13
13
13
13
13
13
13
13
13
13
13
