1
1
1
2
2
0
0
0
22
22
22
22
48
48
22
22
22
22
0
0
0
0
1
1
2
2
2
2
2
0
0
0
0
0
0
0
0
3
3
2
2
2
2
2
0
0
0
0
0
0
1
1
1
1
1
1
1
1
1
1
1
1
1
1
1
1
1
1
1
1
1
1
1
1
1
1
1
4
4
4
4
4
0
0
0
74
74
74
74
74
74
74
74
74
74
74
74
74
74
74
74
74
74
74
74
74
74
74
74
74
74
74
74
74
74
74
74
74
74
74
74
74
74
74
74
74
1
1
1
3
1
1
0
0
0
3
0
0
1
1
1
2
1
1
3
3
3
3
3
1
0
0
0
0
0
0
0
0
0
1
1
13
13
0
0
4
4
4
4
4
4
4
4
4
4
4
4
4
4
4
4
4
4
4
4
4
4
4
4
4
4
4
4
4
4
4
4
2
2
4
4
4
4
4
4
4
4
4
3
3
1
1
0
1
1
1
2
0
0
0
0
0
2
2
1
1
0
0
4
4
4
4
4
4
4
4
4
4
4
4
4
4
4
3
3
0
11
11
11
1
1
1
