2
2
2
2
1
1
0
0
2
2
4
4
0
0
5
5
5
5
5
5
5
5
5
5
5
5
5
5
5
5
5
5
5
5
5
5
5
5
5
5
5
5
5
5
0
0
0
0
0
0
0
0
4
4
4
5
5
5
5
5
5
5
5
5
5
5
5
5
5
5
5
5
5
5
5
5
5
0
0
0
0
0
0
0
0
0
0
0
0
5
5
5
5
5
5
5
5
5
5
5
5
5
5
5
5
5
5
5
5
5
5
5
5
5
5
5
5
5
5
5
5
5
5
5
5
5
5
5
0
0
0
0
0
0
0
0
0
0
4
4
4
4
4
4
4
5
5
5
5
5
5
5
5
5
5
5
5
5
5
5
5
5
5
5
5
5
5
5
5
5
5
5
5
5
5
5
5
5
5
0
0
1
1
1
1
4
4
4
4
4
3
0
0
11
11
11
2
2
0
0
0
0
0
3
3
4
4
4
4
2
2
1
1
2
2
0
0
9
9
9
9
1
1
0
0
2
2
22
22
22
22
22
22
3
3
3
3
3
1
1
1
0
0
2
2
22
22
22
22
22
22
3
3
3
0
0
0
0
1
1
1
0
0
0
0
11
11
11
11
1
1
2
2
0
0
0
0
0
0
0
3
3
4
4
6
6
6
6
6
6
6
6
6
6
6
6
6
6
6
6
6
6
6
6
6
6
6
6
6
0
0
0
28
28
2
2
1
1
2
2
2
2
0
0
1
1
1
1
1
1
1
1
1
1
1
1
1
1
1
1
1
1
1
0
0
1
1
1
1
1
4
4
4
4
2
2
2
0
0
0
4
20
20
20
20
20
20
20
20
20
20
20
20
20
20
20
20
20
20
20
20
20
20
20
20
20
20
2
2
0
0
0
0
0
0
0
0
0
0
1
1
0
0
0
1
1
1
3
3
13
13
13
13
13
13
13
13
13
13
13
13
1
1
8
8
8
8
2
2
0
0
1
1
1
1
1
1
1
1
1
1
1
1
1
0
0
0
4
4
4
4
4
4
4
4
4
4
4
4
4
4
4
1
1
1
1
1
1
4
4
4
4
4
4
4
4
4
4
4
4
4
4
4
4
4
4
4
4
4
4
4
4
4
4
4
4
4
4
4
4
4
4
4
4
4
4
4
4
4
4
4
4
4
4
4
4
4
4
4
4
4
4
4
4
4
1
1
3
3
0
0
11
11
1
1
10
10
10
10
10
10
10
10
10
10
10
0
0
0
0
0
1
1
1
1
1
1
1
1
1
1
1
1
1
1
1
1
0
1
1
1
1
1
1
0
0
11
11
11
1
1
0
0
0
0
0
0
0
0
0
0
0
1
1
1
1
0
0
1
1
1
13
13
4
4
4
13
0
0
11
11
11
11
11
1
1
1
1
1
13
13
13
13
13
13
13
13
13
13
13
13
13
13
13
13
13
13
13
13
13
13
13
13
13
13
13
13
13
13
13
13
13
13
13
13
13
13
13
13
1
1
1
1
1
2
2
0
0
0
0
0
1
1
1
0
0
20
20
20
20
20
20
20
20
20
20
20
20
20
20
20
20
20
20
1
1
1
1
