2
2
0
0
0
0
0
0
0
0
3
3
3
10
10
10
10
10
0
0
0
0
1
1
1
1
1
0
0
0
0
1
1
1
1
0
2
2
1
1
1
1
3
3
2
2
2
4
4
4
4
3
3
11
11
11
11
11
11
0
0
1
1
1
1
1
1
1
1
2
0
0
0
3
1
1
0
0
13
13
13
13
13
13
13
13
13
13
13
13
13
13
13
13
13
13
13
13
13
13
13
13
13
13
13
13
13
13
13
13
13
13
13
13
13
13
13
13
13
13
13
13
13
13
13
13
13
13
13
13
1
1
1
9
0
0
1
1
0
0
71
71
71
71
71
71
0
0
0
0
0
0
13
13
13
13
13
13
13
13
13
13
13
13
13
1
1
1
2
2
0
3
3
0
5
5
5
1
1
2
2
1
1
3
3
0
0
32
32
32
32
32
1
1
1
0
0
13
13
13
13
13
13
13
1
1
0
2
1
1
3
3
2
0
0
3
3
0
0
2
2
2
2
2
2
2
2
2
5
5
5
5
5
5
0
1
1
0
0
22
22
22
2
2
1
1
3
0
0
1
32
32
32
32
1
1
1
1
15
15
15
15
15
0
0
0
0
1
1
0
0
1
1
0
0
1
1
1
1
0
0
84
84
84
84
84
84
84
84
84
3
3
3
2
1
1
3
0
0
1
1
