2
2
0
0
0
3
3
3
2
2
0
0
3
5
5
5
5
5
5
5
5
5
5
5
5
5
5
5
5
5
5
5
5
5
0
0
0
0
0
0
0
0
0
0
1
1
1
1
1
1
1
1
1
1
1
1
2
2
3
3
12
12
12
12
12
12
12
12
12
12
12
12
1
1
1
71
71
71
71
71
71
0
0
0
0
2
2
1
66
66
66
66
66
66
2
8
8
3
6
6
6
6
6
6
6
0
0
12
24
24
24
24
24
24
24
24
3
3
1
1
12
12
12
1
1
1
1
1
1
1
0
0
6
6
6
6
6
6
17
17
17
17
17
6
6
6
6
6
6
6
6
6
6
6
1
1
1
1
2
2
0
0
1
1
1
6
6
6
6
6
6
6
6
6
6
6
41
41
41
41
41
41
41
41
41
41
41
41
41
41
41
41
1
1
1
41
41
41
41
41
41
2
2
0
0
1
1
1
2
2
0
0
3
3
2
2
0
1
1
1
3
0
0
6
6
6
6
6
6
6
6
6
6
6
6
6
6
6
6
6
6
6
1
1
1
2
2
2
2
2
2
2
2
2
2
0
0
0
3
3
1
1
1
0
0
6
6
6
6
6
6
6
6
6
6
6
1
1
0
0
1
1
1
1
1
1
1
1
6
6
6
6
6
6
1
1
17
17
17
0
0
1
1
2
2
0
1
1
1
1
1
1
1
1
1
0
0
6
6
6
6
6
6
6
6
6
6
6
6
6
6
6
6
6
6
6
6
6
6
6
1
1
1
1
1
1
0
0
2
2
2
1
1
3
2
3
3
17
17
17
