0
0
0
0
1
1
1
0
0
1
1
0
0
0
1
0
0
2
2
2
2
1
1
1
1
1
0
0
0
0
2
2
2
1
1
1
1
1
2
2
1
1
1
1
1
1
3
3
3
12
12
0
0
0
0
1
1
1
2
2
0
4
4
4
4
4
4
4
4
4
1
1
4
4
4
4
4
4
4
4
4
4
4
4
4
4
4
4
4
4
4
4
4
4
4
4
4
4
4
4
4
1
1
0
0
4
4
4
4
4
4
4
4
4
4
4
4
4
4
0
4
4
4
4
4
4
4
4
4
4
4
4
4
1
4
4
4
4
4
4
4
4
4
4
4
4
4
4
4
4
4
4
4
4
4
4
4
4
4
4
4
4
4
4
4
4
4
4
4
4
4
0
1
1
2
2
1
1
0
0
0
4
4
4
4
4
4
4
4
4
4
4
4
4
4
4
4
4
4
4
4
4
4
4
4
4
4
4
4
4
4
4
4
4
4
0
0
1
1
1
1
0
0
2
0
0
4
4
4
4
4
4
4
4
4
4
4
4
4
4
4
4
4
4
4
4
4
4
4
4
4
4
4
4
4
4
4
4
4
4
4
4
1
1
4
4
4
4
4
4
4
4
4
4
4
4
15
4
4
4
4
4
4
15
1
1
1
1
2
2
2
3
3
3
3
0
0
4
4
4
4
4
0
0
4
4
1
1
3
0
4
4
4
4
4
4
4
4
4
4
4
4
4
2
2
2
5
5
5
5
5
5
5
1
1
0
0
0
0
1
1
1
8
8
8
8
8
8
0
0
0
0
0
0
1
1
2
3
0
0
0
0
1
1
8
8
8
15
15
15
0
0
0
0
1
1
1
12
12
12
0
4
4
4
4
4
1
15
15
1
1
0
0
1
1
