2
2
3
0
0
0
0
5
5
5
5
5
5
5
5
5
5
5
5
5
5
5
5
5
5
5
5
5
5
5
5
5
5
0
0
5
5
5
5
5
5
5
5
5
5
5
5
5
5
5
5
5
5
5
5
0
0
0
0
5
5
5
5
5
5
5
5
5
5
5
0
0
5
5
5
5
5
5
5
5
5
5
5
5
5
5
5
5
5
5
5
5
5
5
5
5
5
5
5
5
5
5
5
5
5
5
5
5
5
5
5
5
5
5
5
5
5
5
5
5
5
5
5
5
5
5
5
5
5
5
5
5
5
5
5
5
5
5
5
5
5
5
5
5
5
5
5
5
5
5
5
5
5
5
5
5
5
5
5
5
5
5
5
5
5
5
5
5
5
5
5
5
5
5
5
5
5
5
5
5
5
5
5
5
5
5
5
5
5
5
5
5
5
5
5
5
5
5
5
5
5
5
5
5
5
5
5
5
5
5
5
5
5
1
12
12
12
4
4
4
4
4
4
4
4
15
15
0
0
0
1
2
2
0
0
0
16
16
16
5
5
5
5
5
5
5
5
5
5
5
5
5
5
5
5
5
5
5
5
5
5
5
5
5
5
5
5
8
8
8
16
16
16
16
5
5
5
8
8
8
8
8
8
8
8
8
5
5
8
5
5
8
8
5
0
3
3
4
4
4
4
9
9
5
5
5
8
8
0
0
0
1
5
5
5
5
8
8
5
8
61
61
1
1
0
0
0
0
0
5
5
5
5
5
5
5
5
5
8
0
0
5
5
5
5
5
5
5
5
1
8
8
1
1
0
0
5
5
5
5
5
5
5
5
5
5
5
8
8
16
16
16
16
16
16
16
16
4
4
4
15
15
1
1
1
4
4
4
4
8
8
8
8
8
3
3
9
9
9
0
0
4
4
4
1
