2
2
2
2
2
2
0
0
0
0
0
0
3
3
3
3
3
1
1
1
1
1
2
2
2
2
0
0
0
3
3
0
0
0
0
0
0
0
0
2
2
22
22
3
3
3
3
1
1
1
2
2
10
10
10
3
0
0
1
1
2
2
0
0
3
3
1
1
2
0
0
2
2
2
2
2
1
1
1
1
1
1
1
1
1
1
1
0
0
0
0
1
1
1
1
1
2
2
2
2
2
0
0
0
0
3
3
3
13
13
13
13
13
13
13
13
13
13
13
36
36
36
36
36
36
36
36
36
36
36
1
1
12
12
17
17
17
17
17
17
17
17
13
13
13
13
13
13
13
13
13
13
13
13
13
13
13
13
13
13
13
13
13
13
13
20
20
20
13
13
13
13
13
13
13
13
13
13
13
13
13
13
13
13
13
13
13
13
13
13
13
13
13
13
13
13
13
13
13
13
13
13
13
13
13
13
13
