2
2
38
38
38
38
38
38
38
38
38
38
38
38
0
0
0
1
1
38
38
38
38
38
38
38
38
0
0
3
3
0
0
0
3
3
3
3
3
3
3
3
1
1
9
9
9
2
2
3
2
2
0
0
9
9
1
2
2
3
3
2
0
0
1
2
2
0
0
0
10
10
10
10
43
43
1
1
1
1
1
1
1
1
1
1
1
1
1
1
0
0
0
0
0
0
3
3
3
1
1
1
2
2
2
2
2
2
3
2
3
0
0
2
2
2
2
2
2
2
2
2
0
0
0
0
2
2
10
10
1
1
3
2
2
1
1
1
1
3
3
3
0
0
1
1
2
10
10
1
1
1
4
4
4
4
4
4
4
4
4
4
4
4
4
4
4
4
4
4
4
15
1
12
4
4
4
4
4
4
15
15
1
0
0
10
10
10
10
10
10
10
10
10
8
8
8
2
2
0
0
0
12
4
4
4
4
4
4
4
4
4
15
1
1
0
15
1
1
1
1
0
0
1
1
2
2
0
0
0
1
1
9
8
8
8
2
2
2
0
0
0
12
12
12
2
2
4
3
3
3
2
2
2
38
38
38
38
38
38
38
38
38
38
38
38
38
38
38
38
38
38
38
38
38
38
38
38
38
38
38
38
38
38
38
38
38
38
38
38
3
3
3
0
0
0
0
16
16
16
16
16
16
16
16
16
16
16
16
16
16
16
16
16
16
0
16
16
16
16
16
16
16
16
16
16
16
16
16
16
16
16
16
16
16
16
1
1
12
12
4
4
4
4
4
4
15
15
15
0
0
0
0
0
16
16
16
16
16
16
16
16
16
16
16
16
16
16
16
16
16
16
16
16
16
16
16
16
16
16
16
16
16
16
16
16
16
16
16
16
16
16
8
8
8
8
16
16
16
4
4
4
4
4
15
0
0
0
0
16
16
16
16
16
16
16
16
16
16
16
16
16
16
16
16
16
16
16
16
16
16
16
16
16
16
16
16
16
16
16
16
16
16
16
16
16
16
16
16
16
16
16
16
16
16
16
16
16
16
16
16
16
16
16
16
16
16
16
16
16
16
16
16
16
16
16
16
16
16
16
1
12
12
12
12
12
4
4
4
4
4
4
4
4
4
4
4
4
4
15
0
0
0
0
0
0
8
0
0
16
16
16
16
16
16
16
16
16
16
16
16
16
16
16
16
16
16
16
16
16
16
16
16
16
16
16
16
16
16
16
16
16
16
16
16
16
16
16
16
16
16
16
16
16
16
16
16
16
16
16
16
16
16
16
16
16
16
16
16
16
16
16
16
16
16
16
16
16
16
16
16
16
16
16
16
16
16
16
16
16
16
16
16
16
16
16
16
16
16
16
16
16
16
16
16
16
16
16
16
16
16
16
16
16
16
16
16
16
16
16
16
16
16
16
16
16
16
16
16
16
16
16
16
16
16
16
16
16
16
16
16
16
16
16
16
16
16
16
16
16
16
16
16
16
16
16
16
16
16
16
16
16
16
16
1
1
12
4
4
4
4
3
3
4
4
4
4
4
4
1
