15
15
15
2
2
2
0
0
0
1
1
1
3
3
2
2
2
9
9
9
9
9
9
0
0
0
0
0
3
3
3
3
1
1
1
10
10
10
10
10
10
10
2
2
2
2
2
2
2
1
10
0
5
5
5
5
5
5
5
5
5
5
5
5
5
5
5
5
5
5
5
5
5
5
5
2
2
2
2
1
1
0
5
5
5
5
5
5
5
5
2
2
2
1
1
1
1
1
1
5
5
5
1
1
1
1
5
5
1
1
3
3
5
5
5
1
1
1
1
1
1
1
3
3
3
1
3
3
3
3
3
3
1
1
1
3
3
3
2
2
1
1
1
3
3
0
0
2
1
1
1
3
3
12
12
4
4
4
4
15
0
0
0
1
1
1
1
52
52
52
52
0
4
4
4
4
4
4
4
0
0
4
4
4
4
4
1
1
1
12
12
4
4
4
4
4
4
15
15
1
1
0
52
52
0
4
4
4
4
4
4
4
4
4
4
4
4
4
4
4
4
4
4
4
4
4
1
1
12
12
4
4
4
4
4
4
4
4
15
15
1
1
1
0
0
4
4
4
4
4
4
4
4
4
4
4
4
4
4
4
4
4
4
4
4
4
4
4
4
52
52
52
52
52
15
15
1
1
0
0
0
0
4
4
4
4
1
1
9
9
9
