0
0
12
12
12
4
4
4
0
0
4
4
4
4
4
15
15
15
1
1
1
2
2
0
0
3
3
50
50
50
50
50
50
2
2
2
2
2
0
0
5
5
5
5
5
5
5
1
1
2
2
2
2
0
0
0
0
0
1
1
1
1
1
1
8
8
2
10
10
10
10
10
0
0
1
1
1
0
0
12
4
4
4
4
4
4
4
4
4
15
48
48
48
1
5
5
5
5
5
5
5
5
5
5
5
5
5
5
5
5
5
5
5
5
5
5
5
5
5
5
5
5
5
5
5
5
5
5
5
5
5
5
5
5
5
5
5
5
5
5
5
5
5
5
5
5
5
5
5
5
0
0
0
5
5
5
5
5
5
5
5
5
5
4
4
4
4
4
1
1
4
4
4
4
4
4
4
4
0
0
1
1
43
43
43
43
43
43
43
43
43
43
43
43
43
43
43
43
43
43
43
43
43
43
43
0
0
1
1
1
1
1
1
1
1
0
0
1
1
1
1
0
0
0
1
1
1
1
1
1
1
4
4
4
4
4
4
4
4
4
4
4
4
4
4
4
4
0
0
1
1
66
66
66
0
0
1
1
1
66
66
66
66
66
66
0
0
1
1
1
1
1
0
0
12
12
4
4
4
4
4
15
0
1
1
1
1
28
28
28
28
9
9
9
2
2
1
1
3
3
2
10
10
10
10
10
10
2
2
2
2
10
10
20
20
3
3
0
0
0
0
1
10
10
10
10
10
10
1
8
2
2
2
2
2
2
2
1
1
1
1
1
1
1
12
12
24
24
24
24
18
18
18
24
24
24
18
18
18
0
0
0
18
24
8
8
8
8
2
2
0
0
3
6
6
6
6
6
6
6
6
6
6
6
6
6
6
6
6
6
6
6
6
6
6
6
6
6
6
6
6
6
6
6
6
6
6
6
6
6
6
6
6
6
6
6
6
6
6
6
6
6
6
1
1
1
1
1
1
1
3
3
1
0
0
2
2
2
1
1
1
1
1
1
1
1
1
1
1
1
0
1
1
1
1
2
1
1
1
1
1
1
1
1
1
1
1
1
1
1
1
1
1
1
1
1
1
1
1
1
1
1
1
1
1
1
1
1
1
1
1
1
1
1
1
1
1
0
0
0
2
1
1
1
1
1
1
1
1
1
1
1
3
1
2
1
1
1
1
1
0
0
1
1
0
0
0
0
6
6
6
6
6
6
6
6
6
6
6
6
6
6
6
6
6
6
6
6
6
6
6
6
6
6
6
6
6
6
6
6
6
6
6
6
6
6
6
6
6
6
6
6
6
6
6
6
6
6
6
6
6
6
6
6
6
6
6
6
6
6
6
6
6
6
6
6
6
6
6
6
6
6
6
6
6
6
6
6
6
6
6
6
6
6
6
6
6
6
6
6
6
6
6
6
6
6
6
6
6
6
6
6
6
6
6
6
6
6
6
6
6
6
6
6
6
1
12
12
4
4
4
15
15
0
4
4
4
4
2
2
0
0
0
10
10
1
1
1
0
0
0
1
1
1
1
1
1
1
1
3
3
3
0
0
1
1
1
1
