2
2
2
2
3
2
2
0
0
3
1
1
0
0
0
1
2
2
2
0
0
0
0
0
1
1
3
3
3
3
2
2
2
2
2
2
1
10
10
2
2
1
1
3
3
2
2
0
0
1
1
10
10
10
10
10
10
10
10
10
10
10
10
8
8
8
12
12
4
4
4
4
4
4
4
15
15
1
1
1
1
10
10
10
10
10
10
10
10
0
0
8
8
12
12
4
4
4
4
4
4
15
15
1
1
0
5
5
5
5
5
5
5
5
5
5
2
2
5
5
5
5
5
10
10
10
10
10
10
10
8
8
8
16
16
16
16
16
16
16
16
16
16
16
16
16
16
16
8
8
8
8
16
16
16
16
16
16
16
16
1
8
8
16
16
16
16
16
16
16
16
16
16
16
16
16
1
8
8
8
0
0
0
0
0
5
5
5
5
5
5
5
5
5
5
5
5
5
5
5
0
0
5
5
5
5
0
0
5
5
5
5
5
12
12
4
4
4
4
4
15
15
5
5
5
1
5
5
5
1
1
5
5
5
5
1
1
1
1
5
5
5
5
1
1
1
5
5
5
5
1
1
1
5
5
1
5
5
1
1
5
5
5
5
1
1
5
5
1
1
1
1
2
2
0
0
10
10
10
10
10
8
8
43
43
43
43
1
1
1
3
3
3
16
16
16
16
16
16
16
16
16
8
8
5
5
5
5
8
8
8
8
5
5
5
5
5
5
5
5
5
5
5
5
5
5
5
5
5
5
0
0
0
1
1
1
1
1
1
1
1
1
1
1
0
0
0
4
4
4
4
15
0
0
12
12
4
4
4
4
4
4
4
4
15
1
1
14
38
38
38
38
2
10
10
10
10
10
10
3
3
0
1
1
1
1
1
1
2
2
2
1
1
1
1
1
1
1
1
1
2
2
2
1
1
1
1
1
1
1
1
1
1
1
3
0
2
1
1
1
1
1
1
1
1
1
50
50
50
