0
0
1
1
12
12
12
4
4
4
4
1
4
4
4
4
4
4
4
4
4
15
0
1
1
1
52
4
4
4
4
4
4
4
4
4
4
4
4
4
4
4
4
1
1
1
1
12
12
4
4
4
4
4
4
4
4
4
4
4
15
15
1
1
1
0
0
0
0
4
4
4
4
4
4
52
0
0
4
4
4
4
4
4
4
4
1
1
1
12
12
12
12
4
4
4
4
4
4
4
4
4
4
4
4
4
4
15
15
15
1
1
0
52
52
1
1
1
52
52
0
0
4
4
4
4
4
0
0
4
4
4
4
1
1
12
12
4
4
4
4
4
4
4
4
15
15
1
1
1
0
12
52
52
4
4
4
4
15
4
4
4
4
4
4
4
4
4
4
4
4
4
4
4
4
4
4
4
4
4
4
4
4
4
4
4
4
4
4
4
1
12
12
4
4
4
4
4
4
4
4
4
4
4
15
1
1
0
52
52
0
4
4
4
4
4
4
4
4
1
1
12
12
4
4
4
4
4
4
15
1
1
0
52
4
4
4
4
4
4
4
4
4
4
4
4
4
4
4
4
4
4
4
4
4
4
4
4
52
52
52
52
4
4
4
4
4
4
4
4
4
4
4
4
4
8
8
4
4
4
4
4
4
4
4
4
4
4
4
4
4
1
1
4
4
4
4
4
15
0
0
4
4
4
4
4
4
1
