0
0
0
1
1
1
1
0
0
0
1
1
2
2
2
38
38
38
38
38
38
38
38
38
38
38
38
38
0
0
0
0
38
38
3
3
2
2
2
2
2
2
0
0
0
0
0
0
0
0
0
1
1
1
1
1
1
1
85
85
85
85
0
0
0
3
3
3
0
0
85
85
1
3
3
1
1
2
2
0
0
0
1
1
0
0
1
0
0
0
1
1
1
0
0
0
0
0
1
1
1
1
0
0
0
0
0
0
0
0
0
0
0
0
1
0
0
0
0
0
0
0
0
0
1
1
1
1
0
0
0
0
0
0
5
5
5
5
5
5
5
5
5
5
5
5
5
5
5
5
5
5
5
5
5
5
5
5
16
16
0
0
5
5
5
5
16
16
16
16
16
16
5
5
5
5
5
5
16
16
5
5
16
23
23
23
23
23
23
23
23
23
0
0
5
5
5
5
5
5
5
5
1
1
1
5
5
5
5
5
5
5
5
5
5
5
5
5
1
1
1
1
1
0
0
0
0
0
0
20
20
1
1
1
1
1
1
1
8
8
8
8
0
20
20
16
16
16
8
8
8
8
8
8
8
8
8
8
8
8
8
8
5
5
5
5
5
16
16
16
16
16
16
16
16
16
16
5
5
20
8
16
16
16
16
16
16
16
16
4
4
11
11
11
5
5
5
5
5
5
5
5
5
5
5
5
5
16
8
8
5
5
1
1
1
5
5
5
0
5
5
5
1
1
1
1
1
1
1
1
1
1
5
5
0
0
7
7
7
5
5
5
0
12
12
12
8
12
12
12
12
12
12
0
0
1
1
5
5
5
5
5
16
16
0
0
0
0
5
5
5
1
1
5
8
8
8
8
8
16
16
16
16
16
16
16
16
16
16
16
16
0
0
38
0
38
38
5
5
5
5
5
5
5
5
5
5
5
5
5
5
5
5
5
5
5
5
5
0
1
6
6
6
6
0
7
7
0
6
0
2
2
0
1
3
3
3
17
17
2
2
2
2
2
2
2
2
2
2
2
2
2
2
2
2
2
2
2
2
2
2
2
2
2
2
2
2
2
6
6
6
6
6
6
6
6
6
6
6
6
6
6
6
6
6
6
1
1
0
0
8
8
0
0
0
0
2
2
2
2
2
2
2
2
37
37
37
37
37
37
37
37
37
37
37
37
37
37
1
1
8
8
5
5
5
10
10
10
10
10
10
10
10
10
10
5
5
5
5
16
16
16
16
16
16
16
16
16
16
16
16
16
16
16
16
16
16
16
16
16
16
16
16
16
16
16
16
16
16
16
1
1
16
16
8
8
0
0
0
0
0
0
0
5
5
5
5
5
5
5
16
16
16
16
16
16
16
16
16
16
16
16
21
8
8
0
5
5
5
16
16
16
8
16
8
8
8
8
8
0
0
1
1
21
21
21
0
0
21
21
21
21
21
21
21
8
8
0
0
0
5
5
5
16
16
4
4
16
8
0
1
1
76
76
76
15
0
11
11
5
6
5
0
5
5
5
2
2
0
0
0
0
0
7
7
1
1
7
7
6
6
6
6
6
6
6
6
6
6
6
6
6
6
6
6
6
6
6
6
6
6
6
6
6
6
6
6
6
6
6
4
4
4
11
11
11
11
0
6
6
5
5
5
5
5
5
6
6
6
6
5
5
5
5
5
5
5
5
5
5
5
5
5
5
5
5
22
6
6
1
6
6
6
6
6
6
6
5
5
5
5
5
5
0
0
7
7
7
7
7
7
7
2
2
2
2
2
2
2
2
7
7
7
7
7
7
1
1
9
9
0
3
3
3
3
3
3
0
1
1
6
6
6
6
6
6
6
6
6
6
6
6
6
6
6
0
0
12
12
0
0
14
14
14
15
15
65
65
65
7
7
7
7
7
7
7
7
7
7
7
7
7
7
7
7
71
71
8
8
8
8
8
8
2
2
2
2
1
1
1
1
1
6
6
6
7
7
6
6
6
6
6
6
6
6
6
6
6
6
8
8
8
8
8
8
8
8
8
8
8
5
5
5
5
5
0
2
2
10
10
10
5
5
8
8
31
31
31
8
31
31
31
31
31
31
31
31
31
31
31
8
8
6
6
6
6
6
6
6
6
6
31
31
31
31
31
31
31
31
31
31
0
0
8
8
1
1
0
0
31
31
31
31
31
68
68
68
68
68
1
1
1
8
8
0
14
14
14
1
5
5
1
1
0
0
0
7
7
7
7
7
7
37
37
37
37
37
7
7
7
7
18
18
1
1
1
1
1
3
3
9
9
0
0
0
1
1
6
6
6
6
6
6
6
6
6
2
2
38
38
38
38
0
0
0
0
0
3
3
1
1
1
2
2
0
0
1
1
1
6
6
6
6
6
6
6
6
6
6
6
6
6
6
6
6
6
6
6
6
6
6
6
6
6
6
6
6
6
6
6
6
6
6
6
6
6
6
6
6
6
6
6
6
6
6
1
1
1
1
1
1
0
0
20
20
20
20
20
20
0
0
7
7
7
7
6
6
6
6
6
6
6
6
6
6
0
0
1
1
7
7
7
7
18
18
12
12
65
65
9
9
6
6
6
6
51
