0
0
0
1
1
0
0
1
1
65
65
0
0
6
6
6
6
6
6
6
6
6
6
6
6
6
6
6
6
6
6
6
6
6
2
2
0
1
6
6
6
6
6
6
6
6
6
6
6
6
6
6
6
6
6
6
6
6
6
6
6
6
6
1
1
0
0
0
9
9
9
19
19
19
19
1
1
1
19
19
1
1
1
1
19
19
19
1
1
1
19
19
19
19
1
1
1
19
19
19
19
19
19
19
1
1
1
1
23
23
19
19
19
19
1
1
19
19
19
19
1
1
1
1
26
26
26
26
26
26
26
26
1
1
1
1
26
26
26
26
26
26
1
1
1
1
1
1
0
0
1
1
1
1
1
1
1
1
1
2
2
2
0
0
3
0
0
2
2
16
16
16
19
19
1
1
19
19
1
19
19
1
19
19
19
19
1
1
1
1
1
1
1
1
1
1
1
1
1
1
1
1
1
1
1
19
19
1
1
0
0
0
0
0
0
0
1
1
1
1
1
4
4
4
0
11
11
51
