2
2
1
1
1
3
3
9
9
0
0
1
0
0
10
10
10
10
26
26
26
26
26
26
26
26
26
26
26
0
0
0
1
1
4
4
4
4
4
4
4
4
1
1
1
1
1
1
3
3
1
1
1
1
4
4
4
4
4
4
4
4
4
4
4
15
15
1
1
11
11
11
11
11
11
11
11
1
11
11
11
11
11
11
11
11
11
11
1
1
1
1
11
11
11
1
11
11
11
11
2
2
1
1
1
1
3
3
0
0
11
11
11
11
11
11
1
1
0
0
0
11
11
11
11
11
11
1
1
0
0
11
11
2
1
1
0
0
11
11
11
11
11
11
11
11
11
1
1
0
11
11
11
11
11
1
1
1
1
1
0
11
11
11
11
11
11
11
11
11
11
11
11
11
11
11
11
11
11
11
11
11
11
11
1
1
0
0
11
11
11
1
1
1
0
0
0
11
11
11
11
11
11
1
1
0
0
0
0
0
2
2
2
2
13
13
24
24
24
13
3
1
1
13
3
3
0
0
11
11
11
11
11
11
11
11
11
11
2
1
1
1
3
3
0
0
0
0
0
1
1
1
1
1
1
1
1
1
1
1
1
1
13
13
13
4
4
4
4
4
13
13
4
4
4
4
4
4
4
4
4
4
4
4
4
4
4
4
4
1
1
4
4
4
1
1
4
4
4
4
4
4
4
4
4
4
4
4
1
1
4
4
4
4
4
4
4
4
4
4
4
4
4
1
15
4
4
4
4
4
4
4
4
4
4
4
4
4
4
4
4
4
4
4
4
4
4
4
4
4
4
4
4
4
4
4
4
4
4
4
4
4
4
4
4
4
4
4
4
4
4
4
4
4
4
4
4
4
4
4
4
4
4
4
4
4
4
4
15
1
1
4
4
4
4
4
4
4
11
11
11
11
0
0
0
1
1
0
1
0
1
1
2
2
2
0
0
0
1
0
0
0
46
46
46
46
46
46
2
2
1
2
2
2
2
2
61
61
0
0
19
19
1
1
1
12
3
3
3
3
3
3
3
2
1
3
0
0
0
7
7
7
7
7
0
0
0
0
0
0
