0
2
9
9
9
9
9
9
9
9
9
9
9
9
9
9
9
9
9
9
9
9
9
9
9
9
9
9
9
9
9
9
9
9
9
9
12
4
4
4
4
4
4
4
4
4
4
4
4
4
4
1
4
4
4
1
4
4
4
4
4
18
18
4
4
4
1
1
4
4
4
4
4
1
1
1
4
4
4
4
4
4
4
4
4
4
4
0
0
0
11
11
11
2
2
1
1
1
1
0
0
0
0
11
11
11
0
0
0
11
11
1
1
0
0
11
11
11
11
1
1
0
0
11
11
1
1
18
18
4
4
4
4
4
4
4
4
4
4
4
4
4
4
4
4
4
4
4
12
12
4
4
4
4
4
4
4
4
4
4
4
4
4
1
1
0
0
4
4
4
4
4
4
4
4
4
4
4
4
4
4
4
4
4
4
4
4
4
4
4
4
4
4
4
4
4
4
4
4
4
4
4
4
4
4
4
4
4
4
4
4
4
4
4
4
4
4
4
4
4
4
4
4
4
4
4
4
4
4
4
4
4
4
20
20
20
20
20
20
20
20
4
4
4
4
4
4
4
4
4
4
0
0
1
1
4
4
4
4
9
9
4
4
4
4
4
4
4
4
4
4
4
1
1
4
4
4
1
1
1
4
4
4
4
4
4
4
4
4
4
4
4
4
4
4
4
4
4
1
1
0
1
0
4
4
4
4
4
4
4
4
4
4
4
4
4
4
4
4
4
4
4
4
4
4
4
1
1
4
4
4
4
4
4
4
4
15
15
12
12
15
15
11
11
11
33
33
3
3
12
0
0
0
1
2
2
2
0
0
0
0
0
2
2
2
3
3
3
3
3
2
2
3
3
1
2
0
1
0
1
1
1
15
15
0
7
7
7
7
