2
2
3
3
0
0
24
24
24
24
24
0
0
10
10
10
22
22
22
4
4
4
3
3
1
1
1
13
13
4
4
4
4
4
4
4
13
13
4
4
4
4
4
4
4
4
4
4
4
4
4
4
4
4
4
4
4
4
4
4
4
4
4
4
4
1
1
11
11
11
2
0
0
1
1
1
1
0
0
0
0
0
1
1
1
1
2
2
2
2
0
0
3
3
0
0
1
1
0
0
0
0
0
0
1
1
0
0
0
0
0
0
0
0
46
46
46
46
46
46
46
46
46
46
46
1
1
1
1
1
0
0
0
2
2
1
1
1
9
9
9
2
2
2
19
19
19
1
1
1
37
37
37
37
37
37
37
37
37
37
37
37
37
51
51
0
0
1
1
1
1
2
0
0
1
1
1
0
0
0
2
41
41
13
13
1
1
1
1
1
1
1
1
1
1
1
1
1
1
1
1
1
1
1
1
1
1
1
1
1
1
1
1
1
1
1
1
1
1
1
1
1
1
1
1
1
1
1
1
1
1
1
1
1
1
1
1
1
1
1
1
1
1
1
2
20
20
20
20
20
20
20
20
20
20
20
41
41
41
41
41
41
41
41
41
41
41
41
41
41
41
41
41
41
41
12
12
47
47
0
0
0
13
13
24
24
24
24
24
24
24
74
74
1
1
1
1
0
0
24
24
24
24
24
24
7
7
7
7
7
7
7
0
0
1
1
0
7
7
7
7
7
7
7
7
7
7
7
7
7
0
0
1
1
1
1
1
1
1
1
1
1
1
1
1
1
1
1
1
3
1
1
1
1
1
7
7
7
7
7
7
7
7
7
7
7
7
7
7
7
7
7
7
7
7
7
7
7
7
7
7
7
7
7
7
7
7
7
7
7
7
7
7
7
7
7
7
7
1
1
7
7
7
7
7
7
7
7
7
7
7
7
18
18
18
18
1
1
1
1
1
0
0
0
0
0
9
9
4
4
4
4
1
1
4
4
4
4
4
4
4
4
4
4
4
4
4
4
4
4
4
4
4
4
4
4
4
9
9
4
4
4
4
4
4
4
4
9
9
4
4
4
4
4
4
4
4
4
4
4
4
4
4
4
4
4
4
4
4
4
4
4
4
4
4
4
4
4
4
4
4
4
1
1
1
1
0
0
18
18
18
18
1
1
4
4
4
4
4
4
4
11
11
11
