0
0
1
1
13
4
4
4
4
4
4
4
4
4
1
1
4
4
4
4
4
4
4
4
4
4
4
4
4
4
4
4
4
4
4
4
4
4
4
18
4
4
4
4
4
4
4
4
4
4
4
4
4
4
4
4
4
4
4
4
4
4
4
4
4
17
17
4
4
4
4
4
4
4
4
4
4
4
4
4
4
4
4
4
4
4
4
4
4
4
4
4
4
4
4
4
4
1
1
1
1
1
0
0
1
4
4
4
4
4
4
4
4
4
4
4
1
1
1
11
11
11
11
11
11
11
11
11
0
0
0
0
11
11
11
11
1
1
4
4
4
4
4
4
4
4
4
4
4
4
4
4
0
0
0
0
0
1
1
1
1
0
3
11
11
11
1
0
11
11
11
11
11
0
11
11
11
11
11
2
2
1
1
1
11
11
11
11
11
11
11
11
0
0
11
11
2
1
1
0
0
11
1
1
0
0
11
11
11
1
1
0
0
11
11
11
0
0
20
20
20
20
0
0
11
11
11
11
1
0
0
0
11
11
11
11
11
11
11
11
10
10
10
10
1
1
1
0
0
11
11
11
11
0
0
11
11
11
11
11
11
11
11
0
1
68
68
68
1
1
1
0
0
1
1
3
3
0
2
1
2
1
3
3
1
0
0
11
11
11
11
11
11
11
11
11
11
11
1
1
0
0
11
11
11
11
11
11
1
1
1
4
4
4
4
4
4
4
4
4
4
4
4
4
4
4
4
4
4
4
4
4
4
4
4
4
4
1
1
1
4
4
4
4
4
4
4
1
1
0
11
11
11
11
11
11
11
11
0
1
2
1
1
0
0
0
0
68
68
68
1
1
0
1
1
1
2
0
0
1
2
2
0
0
0
2
2
2
0
3
3
1
1
3
3
0
0
0
0
0
0
1
1
24
24
24
24
24
24
0
0
0
0
0
0
0
0
11
11
11
2
0
0
0
33
33
33
33
33
33
33
33
33
0
0
33
33
33
33
33
33
33
33
33
33
33
0
0
33
33
33
33
33
0
0
0
33
33
33
33
0
0
0
0
0
0
0
33
33
33
33
33
33
33
33
33
33
33
33
33
33
33
33
33
33
33
0
0
0
0
0
33
33
33
33
33
33
33
33
33
33
33
33
33
33
17
17
17
17
0
0
0
33
33
33
33
33
33
33
33
0
0
33
33
33
33
33
0
0
0
33
33
0
0
33
33
0
0
33
33
0
0
0
33
33
33
33
33
0
0
33
33
0
0
33
33
0
0
0
0
33
33
33
33
33
33
33
0
0
33
33
33
33
33
33
33
0
0
33
33
33
0
0
0
33
33
33
33
33
33
33
33
33
33
33
33
33
33
33
33
33
33
0
0
0
33
33
33
33
33
33
0
0
0
33
33
33
33
33
33
33
33
33
33
33
33
33
0
