0
2
2
1
1
1
1
1
1
1
1
1
1
0
0
1
1
0
0
0
0
0
9
9
9
9
9
9
9
9
9
9
0
0
31
31
31
31
31
31
31
31
31
31
31
31
31
31
31
31
31
31
31
31
31
31
31
31
31
31
31
31
31
31
31
31
31
31
31
31
31
31
31
31
31
31
31
31
31
31
31
31
31
31
31
31
31
31
31
31
31
31
31
31
31
31
31
31
31
31
31
31
31
31
31
31
31
31
31
31
31
31
31
31
31
31
31
31
31
31
31
31
31
31
31
31
31
31
31
31
31
31
31
31
31
31
31
31
31
31
31
31
31
31
31
31
31
31
4
4
4
4
0
0
7
7
7
7
7
7
0
0
2
2
1
1
3
13
13
13
13
13
4
4
4
4
4
4
4
4
4
4
4
4
4
4
2
2
2
9
9
9
9
9
9
9
9
9
9
9
9
9
9
9
9
9
9
9
1
1
0
0
0
75
75
75
75
75
75
75
75
75
75
75
75
75
75
75
75
75
75
75
75
75
75
75
75
75
75
75
75
75
75
75
75
75
75
75
75
75
75
75
75
75
75
75
75
75
75
75
75
75
75
75
75
75
75
75
75
75
75
75
2
1
1
1
1
13
13
4
4
4
4
4
4
4
4
4
4
4
4
4
4
4
4
4
4
4
13
13
4
4
4
13
13
4
4
13
11
11
11
11
2
2
0
0
0
31
31
31
31
31
31
31
31
31
31
31
31
31
31
31
31
31
31
31
31
31
31
31
31
31
31
31
31
31
31
31
31
31
31
31
31
31
31
31
31
31
31
31
31
0
1
1
0
1
1
1
3
4
4
4
4
13
13
2
2
0
0
0
28
28
3
3
1
1
1
1
1
1
1
1
1
1
0
9
9
9
9
9
9
9
9
9
9
9
9
9
9
9
9
9
9
9
9
9
9
9
9
9
9
9
9
9
9
9
9
9
9
9
9
9
9
9
9
9
9
9
9
9
9
9
13
13
13
10
10
10
4
4
4
4
4
4
4
4
4
4
4
4
4
4
4
4
4
4
4
4
4
4
4
4
4
4
13
13
24
24
24
24
18
13
4
4
13
13
0
0
0
0
11
11
11
11
11
11
11
11
11
11
11
11
11
11
11
11
11
11
11
11
11
11
11
1
1
1
1
2
0
0
0
68
68
68
68
68
68
68
3
3
6
6
6
6
6
0
0
2
1
1
1
3
0
0
2
1
0
2
1
0
1
3
3
2
1
3
13
13
24
24
24
24
24
24
24
24
24
24
24
13
13
1
0
0
1
6
6
6
6
6
6
6
6
6
6
6
6
6
6
6
6
6
6
6
6
6
6
6
6
9
9
9
9
9
9
9
43
43
43
43
43
6
6
6
6
6
6
6
6
18
18
18
12
12
24
24
24
24
24
24
24
24
24
24
15
15
15
15
15
15
15
15
1
1
1
1
1
1
0
0
1
1
0
18
18
18
1
1
24
24
4
4
4
4
4
4
12
12
4
4
4
4
4
15
15
1
1
0
4
4
4
4
4
4
4
15
15
1
1
0
4
4
4
12
4
4
1
1
0
4
4
4
17
17
4
4
4
12
12
4
4
4
4
4
4
4
4
4
4
4
4
4
4
4
1
0
4
4
4
4
4
4
4
4
4
4
4
4
4
4
1
0
1
15
6
6
6
6
6
2
2
3
13
13
13
0
0
0
1
1
1
1
1
1
1
1
1
1
1
0
0
2
2
1
1
1
1
3
3
3
4
4
4
4
4
4
4
4
4
4
4
4
4
4
4
4
4
4
4
4
4
4
4
4
4
4
4
4
4
4
4
4
4
4
4
4
4
1
1
4
4
4
4
4
4
4
4
4
4
4
4
4
4
4
4
4
4
4
4
4
4
4
4
1
1
1
1
4
4
4
4
4
4
13
11
11
11
33
33
2
2
4
4
4
4
4
2
1
0
0
0
1
1
3
3
3
0
0
0
0
9
9
9
9
9
9
9
9
9
9
9
9
1
1
1
13
13
4
4
13
13
13
13
13
4
4
4
4
4
4
4
4
4
4
4
4
4
4
4
4
4
4
4
4
4
4
4
4
4
4
4
4
4
4
4
4
4
4
4
4
4
4
4
4
4
4
4
11
11
11
11
