2
2
0
0
0
3
3
3
2
2
0
0
3
3
2
2
0
0
0
0
5
5
5
5
5
5
5
5
5
5
5
5
2
3
3
2
0
0
0
0
0
0
3
3
2
2
2
2
0
0
0
0
3
3
3
2
2
2
2
2
0
0
0
0
5
5
5
5
5
5
5
5
5
5
5
2
2
2
2
2
2
2
0
0
0
0
0
0
0
0
0
0
0
0
0
0
0
2
2
2
2
2
2
2
5
5
5
5
5
5
5
5
5
5
5
5
2
2
1
1
1
1
3
3
3
0
0
0
0
10
10
10
4
4
4
4
4
4
4
4
4
4
4
4
4
4
4
4
4
4
4
4
4
4
4
4
4
4
4
4
4
3
3
0
0
0
0
0
0
0
0
0
0
0
0
0
0
0
0
2
2
4
4
4
4
3
11
11
11
11
11
11
0
0
2
0
0
0
22
22
22
22
22
22
22
22
1
1
1
4
4
4
4
11
11
11
11
7
7
7
7
7
7
7
7
7
7
7
7
7
7
7
7
3
3
3
1
1
2
2
2
2
0
0
0
5
5
5
5
5
5
5
8
1
1
1
1
1
1
1
1
1
1
21
21
21
21
21
21
21
21
21
21
21
6
6
6
6
6
6
6
6
6
6
6
6
6
6
6
6
6
6
22
22
22
22
22
22
22
22
22
22
22
22
22
22
22
22
22
0
1
1
1
1
1
1
1
1
1
1
1
1
1
1
3
3
3
3
23
23
23
23
