2
2
2
0
0
0
2
0
0
3
3
3
3
3
3
0
0
0
3
3
3
3
2
2
3
3
3
2
2
2
2
2
2
2
2
2
2
2
2
0
0
0
0
0
0
0
0
0
0
0
0
0
0
0
1
1
1
1
1
1
1
1
1
1
1
1
1
1
1
1
1
1
1
1
0
0
2
2
1
1
1
3
3
3
0
4
4
4
4
4
4
4
4
4
4
4
4
4
4
4
4
4
4
4
4
4
4
4
4
4
4
4
4
4
4
4
4
4
4
4
4
4
4
4
4
4
4
4
4
4
4
4
4
48
48
48
48
48
48
5
5
5
5
5
5
5
5
5
5
5
5
5
5
5
5
5
5
5
5
5
5
5
5
5
5
5
5
5
5
5
5
5
4
4
4
4
4
4
4
4
2
3
3
2
2
2
2
2
0
0
0
0
0
0
3
3
3
3
2
2
0
0
3
3
2
2
2
2
0
0
0
2
2
2
2
2
2
2
2
48
48
48
48
48
48
48
48
48
48
48
48
48
48
48
48
48
48
48
48
48
48
48
48
48
48
48
48
48
48
48
48
48
48
48
2
2
2
2
2
48
48
48
48
48
48
48
48
48
48
48
48
48
48
48
2
2
2
2
2
0
0
0
2
2
0
0
2
0
0
3
3
2
2
2
0
0
8
8
5
5
5
5
5
21
21
21
21
21
21
21
21
21
21
21
8
8
8
21
21
10
10
10
10
10
10
10
10
10
10
21
21
21
21
21
10
10
10
10
10
0
0
11
11
11
0
0
0
5
5
5
5
5
5
5
5
5
5
5
5
5
5
5
5
5
5
5
5
5
5
5
5
5
5
5
5
5
5
5
5
5
5
5
5
5
5
5
5
5
5
0
0
0
1
1
1
1
1
1
1
1
1
1
1
1
1
1
1
1
1
1
1
1
1
1
1
1
1
1
1
1
1
1
1
1
1
1
1
1
1
1
1
1
1
1
21
21
21
21
21
21
21
10
10
10
10
21
21
21
21
21
21
21
21
21
21
21
21
21
21
1
1
1
1
1
1
1
1
1
1
1
1
1
1
1
1
1
1
1
0
0
7
7
7
7
7
7
7
7
7
7
7
3
3
1
1
3
0
0
30
30
30
30
30
30
30
30
30
30
30
30
30
30
30
30
30
30
30
30
30
30
30
30
30
30
30
114
114
6
6
6
6
6
6
6
6
6
6
6
6
6
30
30
30
30
30
30
30
30
30
30
30
1
1
1
1
1
1
1
1
28
28
28
28
28
2
2
2
2
0
0
0
2
2
1
1
1
