2
2
0
0
0
2
2
0
0
0
0
0
0
0
0
0
0
0
2
2
2
0
0
0
3
3
7
7
7
7
7
2
0
0
0
3
3
0
0
12
12
12
0
0
0
0
28
28
2
2
2
2
2
0
0
0
0
0
0
0
0
0
0
0
0
0
2
2
2
6
6
6
6
6
6
6
6
6
6
6
6
6
36
36
36
36
36
36
36
36
36
36
36
36
36
36
36
36
36
36
36
36
36
36
36
36
36
36
36
36
36
36
36
36
36
36
36
36
36
36
36
36
36
36
36
36
36
36
36
36
36
36
36
36
36
36
36
36
36
36
36
36
36
36
36
36
36
36
36
36
36
36
36
36
36
36
36
36
36
36
36
36
36
36
36
36
2
2
1
1
1
3
0
0
5
5
5
5
5
5
2
2
1
1
1
3
3
0
0
2
2
1
1
1
1
1
1
1
1
1
1
1
2
2
0
0
0
0
0
0
15
15
7
7
7
7
7
7
7
7
21
21
21
21
21
21
21
21
21
21
21
21
21
8
6
6
6
6
6
10
10
10
10
11
11
11
2
2
0
0
0
0
0
0
1
1
0
0
3
3
7
7
7
7
7
7
7
4
4
4
4
4
4
4
0
0
0
0
0
7
7
6
6
6
6
6
6
6
6
6
6
