2
2
0
0
0
0
0
0
0
0
0
0
0
0
0
0
0
0
0
3
3
2
2
2
0
0
2
2
0
0
0
2
2
2
0
0
10
10
10
10
10
10
10
4
4
4
4
4
4
4
4
4
4
4
4
4
11
11
11
0
0
0
0
0
0
0
0
0
0
0
0
0
0
0
1
5
5
5
5
5
5
5
2
2
2
2
2
2
2
2
2
2
2
2
0
0
0
0
0
0
0
0
0
0
0
0
0
0
0
0
0
0
0
11
11
11
11
11
11
11
11
11
11
11
11
11
11
11
11
11
11
11
11
11
11
11
11
11
11
11
11
11
11
11
11
11
11
11
11
11
11
11
11
24
24
24
24
24
24
24
24
24
24
24
24
24
24
24
24
24
24
24
24
24
24
0
0
0
0
0
0
0
0
0
0
0
48
48
48
48
48
48
48
48
48
48
48
48
48
48
48
48
2
2
2
2
7
7
7
7
7
7
4
4
4
4
11
11
11
7
7
7
7
7
7
7
2
2
2
0
0
0
3
3
3
3
3
5
5
5
5
5
5
5
21
21
21
21
21
21
21
10
10
10
10
10
10
21
21
21
21
21
21
8
8
6
6
6
6
6
6
6
6
6
6
6
6
6
6
6
6
6
6
6
24
24
24
24
24
24
24
24
2
2
0
0
3
3
3
5
5
5
5
5
5
5
5
5
5
5
5
5
5
5
5
5
5
5
5
5
5
5
5
5
5
5
5
5
5
5
5
5
5
5
5
5
5
5
5
5
5
5
5
3
3
3
2
2
2
2
2
2
2
2
2
0
0
0
0
0
0
0
0
0
0
0
1
1
1
1
1
2
2
1
1
1
1
1
1
1
1
1
1
1
1
2
2
2
2
3
3
2
2
1
1
8
8
8
8
2
2
1
1
